  0.96831
  0.97564
  0.96716
  0.97614
  0.98546
  0.98683
  0.99057
  0.95289
  0.96517
  0.97756
  0.97201
  0.98242
  0.98011
  0.97335
  0.98194
  0.97060
  0.93551
  0.96373
  0.96961
  0.97077
  0.98051
  0.96262
  0.98499
  0.97122
  0.97236
  0.98061
  0.97407
  0.96994
  0.97703
  0.95752
  0.95840
  0.98685
  0.97969
  0.97609
  0.98386
  0.98030
  0.91075
  0.98282
  0.97150
  0.98167
  0.93931
  0.95625
  0.98388
  0.98281
  0.98011
  0.95500
  0.98091
  0.98078
  0.98509
  0.93372
  0.96875
  0.96489
  0.97782
  0.94930
  0.95230
  0.96716
  0.93812
  0.98246
  0.98364
  0.95721
  0.97181
  0.93998
  0.97470
  0.91148
  0.97226
  0.94438
  0.96257
  0.98019
  0.95835
  0.97327
  0.96914
  0.92543
  0.96146
  0.94703
  0.96745
  0.93731
  0.92965
  0.94353
  0.96970
  0.95854
  0.95414
  0.93905
  0.97441
  0.93641
  0.96189
  0.95656
  0.95770
  0.96026
  0.97743
  0.97399
  0.95701
  0.96717
  0.97213
  0.93942
  0.98134
  0.95531
  0.95859
  0.96792
  0.98194
  0.97589
  0.98470
  0.97542
  0.98969
  0.94476
  0.96265
  0.97364
  0.98199
  0.98033
  0.96156
  0.99045
  0.96633
  0.98612
  0.97931
  0.96788
  0.97747
  0.96917
  0.98948
  0.93672
  0.95576
  0.96307
  0.97903
  0.96167
  0.98316
  0.98248
  0.92187
  0.97675
  0.96641
  0.98554
  0.96702
  0.98938
  0.98442
  0.96601
  0.96120
  0.98210
  0.97462
  0.96659
  0.98070
  0.95812
  0.95578
  0.97877
  0.94991
  0.97544
  0.94338
  0.97126
  0.98370
  0.97855
  0.96211
  0.95886
  0.97388
  0.95755
  0.96406
  0.94886
  0.94728
  0.96584
  0.96752
  0.97501
  0.97614
  0.89301
  0.96136
  0.93640
  0.98118
  0.95358
  0.97741
  0.98056
  0.97596
  0.97020
  0.97177
  0.94489
  0.94727
  0.96609
  0.96301
  0.96552
  0.93114
  0.97986
  0.95437
  0.96487
  0.94533
  0.92910
  0.97668
  0.94958
  0.96676
  0.97490
  0.92111
  0.95652
  0.95080
  0.93572
  0.94835
  0.97912
  0.91249
  0.94272
  0.97165
  0.93406
  0.96973
  0.97490
  0.93962
  0.97358
  0.96783
  0.95663
  0.96829
  0.97248
  0.97491
  0.94811
  0.97799
  0.96265
  0.96886
  0.95400
  0.97395
  0.98556
  0.96027
  0.95764
  0.95901
  0.97686
  0.98005
  0.95654
  0.97408
  0.96778
  0.96578
  0.98104
  0.94725
  0.98553
  0.96443
  0.94682
  0.98904
  0.96044
  0.96681
  0.96313
  0.94740
  0.94442
  0.96546
  0.97485
  0.98617
  0.97350
  0.96245
  0.91843
  0.96796
  0.97412
  0.98574
  0.93529
  0.95010
  0.96279
  0.96728
  0.97830
  0.98277
  0.98040
  0.93173
  0.97347
  0.96454
  0.95553
  0.96628
  0.97869
  0.94790
  0.95339
  0.95624
  0.96506
  0.91951
  0.93665
  0.93603
  0.97623
  0.91872
  0.96872
  0.98342
  0.95008
  0.94665
  0.95949
  0.95847
  0.98149
  0.97636
  0.96157
  0.96771
  0.96644
  0.94090
  0.96911
  0.96593
  0.97213
  0.92889
  0.96393
  0.97881
  0.97076
  0.92730
  0.94437
  0.93623
  0.97181
  0.93898
  0.97210
  0.96147
  0.91254
  0.95784
  0.97309
  0.97598
  0.93489
  0.96255
  0.97157
  0.92114
  0.97662
  0.96917
  0.98432
  0.98324
  0.98232
  0.96528
  0.98321
  0.97417
  0.99134
  0.97931
  0.96024
  0.98113
  0.97427
  0.96886
  0.98938
  0.98723
  0.96937
  0.98706
  0.97036
  0.97139
  0.97543
  0.96537
  0.98809
  0.95362
  0.96489
  0.96311
  0.97328
  0.98562
  0.94823
  0.98989
  0.96683
  0.97431
  0.97389
  0.95745
  0.95635
  0.97546
  0.98509
  0.96513
  0.96204
  0.96247
  0.98063
  0.97185
  0.94904
  0.97473
  0.96407
  0.94476
  0.94624
  0.95304
  0.92360
  0.95592
  0.97110
  0.88664
  0.96634
  0.90285
  0.97250
  0.96666
  0.97929
  0.96654
  0.94701
  0.95742
  0.94027
  0.96138
  0.97277
  0.94476
  0.94471
  0.96982
  0.95593
  0.94728
  0.93623
  0.97520
  0.97097
  0.94171
  0.94527
  0.96628
  0.97052
  0.94360
  0.96710
  0.96182
  0.97354
  0.95190
  0.95402
  0.95732
  0.97102
  0.96592
  0.95934
  0.95499
  0.96614
  0.97305
  0.97201
  0.94103
  0.95874
  0.97458
  0.96102
  0.91303
  0.96333
  0.96897
  0.94698
  0.98858
  0.97521
  0.98248
  0.94625
  0.96561
  0.96807
  0.98063
  0.95965
  0.97249
  0.96198
  0.97112
  0.94929
  0.97665
  0.95466
  0.97492
  0.97519
  0.98006
  0.97833
  0.97005
  0.98519
  0.96012
  0.98497
  0.97314
  0.96218
  0.98275
  0.98302
  0.98579
  0.97639
  0.98073
  0.96842
  0.99105
  0.96401
  0.97525
  0.95915
  0.96605
  0.95576
  0.95205
  0.97197
  0.98765
  0.98424
  0.97099
  0.94400
  0.95934
  0.96614
  0.95868
  0.97162
  0.91667
  0.96732
  0.97431
  0.90711
  0.97475
  0.92725
  0.95206
  0.94035
  0.94978
  0.97662
  0.98647
  0.95993
  0.94178
  0.91880
  0.93128
  0.95627
  0.92640
  0.97549
  0.89939
  0.96771
  0.95237
  0.98576
  0.94478
  0.92913
  0.95080
  0.94831
  0.96616
  0.94463
  0.97429
  0.95672
  0.95787
  0.97416
  0.93140
  0.96831
  0.94236
  0.96168
  0.95041
  0.97150
  0.97597
  0.92580
  0.96974
  0.97864
  0.89466
  0.98178
  0.92044
  0.98128
  0.95950
  0.97013
  0.96709
  0.97149
  0.93870
  0.97905
  0.96442
  0.98689
  0.96048
  0.93616
  0.94540
  0.95921
  0.98108
  0.98098
  0.96699
  0.94469
  0.98561
  0.98173
  0.97469
  0.96963
  0.97505
  0.96051
  0.91644
  0.98796
  0.94371
  0.95861
  0.96611
  0.98400
  0.98032
  0.97905
  0.97172
  0.94082
  0.97539
  0.97758
  0.97340
  0.98270
  0.98194
  0.96199
  0.98260
  0.97281
  0.98446
  0.97032
  0.95483
  0.97961
  0.97268
  0.98909
  0.96523
  0.89982
  0.97799
  0.96619
  0.98027
  0.98198
  0.97239
  0.95421
  0.95754
  0.95311
  0.95207
  0.93024
  0.95115
  0.96925
  0.96354
  0.93925
  0.97463
  0.97268
  0.96761
  0.97501
  0.96598
  0.98308
  0.98315
  0.97871
  0.96739
  0.96573
  0.95478
  0.98177
  0.94124
  0.93077
  0.95028
  0.95536
  0.97894
  0.97464
  0.94530
  0.95417
  0.94514
  0.94709
  0.97106
  0.97476
  0.96273
  0.95125
  0.97482
  0.95162
  0.95556
  0.98430
  0.96217
  0.96834
  0.91607
  0.95652
  0.96683
  0.98654
  0.98558
  0.97152
  0.96167
  0.97644
  0.91358
  0.92736
  0.93098
  0.98647
  0.98937
  0.98389
  0.93879
  0.96477
  0.97632
  0.96151
  0.98527
  0.95431
  0.95909
  0.95504
  0.98770
  0.96622
  0.95809
  0.98073
  0.97824
  0.98521
  0.98776
  0.94427
  0.95454
  0.97988
  0.98775
  0.97944
  0.96924
  0.98319
  0.98282
  0.98309
  0.97393
  0.97002
  0.95077
  0.98081
  0.98863
  0.98569
  0.96324
  0.98077
  0.96389
  0.92913
  0.95850
  0.98004
  0.93889
  0.96931
  0.97800
  0.89055
  0.96864
  0.96614
  0.94614
  0.95597
  0.97420
  0.95442
  0.96181
  0.95870
  0.94230
  0.96589
  0.94150
  0.95718
  0.92775
  0.94617
  0.95018
  0.97295
  0.93287
  0.95736
  0.95120
  0.98110
  0.93951
  0.98197
  0.96747
  0.97564
  0.94773
  0.94757
  0.94415
  0.96154
  0.97007
  0.94646
  0.92686
  0.96656
  0.97457
  0.95247
  0.93979
  0.93845
  0.92997
  0.97325
  0.95724
  0.97826
  0.95829
  0.97198
  0.97632
  0.97202
  0.95613
  0.98426
  0.95882
  0.97681
  0.97533
  0.98105
  0.97008
  0.95916
  0.94962
  0.97695
  0.97550
  0.98743
  0.95672
  0.98990
  0.96838
  0.98319
  0.98410
  0.97772
  0.98392
  0.97825
  0.97452
  0.96770
  0.98593
  0.96159
  0.97102
  0.98231
  0.97976
  0.95889
  0.96231
  0.96534
  0.95019
  0.95878
  0.94069
  0.97564
  0.97339
  0.98617
  0.94250
  0.94998
  0.97953
  0.96526
  0.91569
  0.96584
  0.92474
  0.97958
  0.95541
  0.96547
  0.95768
  0.96196
  0.94272
  0.96241
  0.97479
  0.92582
  0.96815
  0.97066
  0.97793
  0.92094
  0.93893
  0.93808
  0.97461
  0.94046
  0.96150
  0.93871
  0.97710
  0.97975
  0.96680
  0.97825
  0.97866
  0.97689
  0.93854
  0.97570
  0.93120
  0.96597
  0.98177
  0.95545
  0.97151
  0.95612
  0.96609
  0.95446
  0.92745
  0.94857
  0.97752
  0.94908
  0.94956
  0.96764
  0.94312
  0.91855
  0.95504
  0.95603
  0.96029
  0.96061
  0.98658
  0.95527
  0.96335
  0.97391
  0.97093
  0.98020
  0.98162
  0.96810
  0.94629
  0.96894
  0.98435
  0.96913
  0.98812
  0.94373
  0.95189
  0.97433
  0.96704
  0.97443
  0.98209
  0.96668
  0.94483
  0.96363
  0.95284
  0.98104
  0.97465
  0.95700
  0.98366
  0.96935
  0.94837
  0.98106
  0.97106
  0.93760
  0.98525
  0.95108
  0.98185
  0.98421
  0.96404
  0.96711
  0.94083
  0.92561
  0.95828
  0.98498
  0.94860
  0.90860
  0.95177
  0.93388
  0.94948
  0.96190
  0.97203
  0.95524
  0.96015
  0.96002
  0.96952
  0.97332
  0.96127
  0.98242
  0.97111
  0.96900
  0.93600
  0.93815
  0.96433
  0.97090
  0.97605
  0.95949
  0.95095
  0.94592
  0.96431
  0.96134
  0.95032
  0.94037
  0.94418
  0.94999
  0.93422
  0.96093
  0.97248
  0.97139
  0.94487
  0.96254
  0.97687
  0.97497
  0.96259
  0.94285
  0.96875
  0.96343
  0.96172
  0.96477
  0.97638
  0.96999
  0.92805
  0.96556
  0.95502
  0.96655
  0.95810
  0.98151
  0.95455
  0.98502
  0.98072
  0.98243
  0.95954
  0.94735
  0.98578
  0.95388
  0.97872
  0.94472
  0.95777
  0.96031
  0.97179
  0.94726
  0.96271
  0.97975
  0.94818
  0.98434
  0.97593
  0.98641
  0.98629
  0.97979
  0.94810
  0.98633
  0.98731
  0.96754
  0.97453
  0.96262
  0.95706
  0.97489
  0.98038
  0.96709
  0.99095
  0.97508
  0.97783
  0.97645
  0.95983
  0.97103
  0.96637
  0.97404
  0.93624
  0.98062
  0.94846
  0.97392
  0.96958
  0.95368
  0.93863
  0.94088
  0.94791
  0.97738
  0.96177
  0.93513
  0.97947
  0.96209
  0.96271
  0.95034
  0.93075
  0.95735
  0.97710
  0.95346
  0.95762
  0.91024
  0.97378
  0.97795
  0.96168
  0.93420
  0.97338
  0.97287
  0.94715
  0.94305
  0.97179
  0.96324
  0.93867
  0.93594
  0.96829
  0.96367
  0.94683
  0.97383
  0.93540
  0.94262
  0.97432
  0.96040
  0.97636
  0.94463
  0.95244
  0.94541
  0.96425
  0.98532
  0.95888
  0.95541
  0.96753
  0.99453
  0.96834
  0.96289
  0.95786
  0.97092
  0.95258
  0.98936
  0.97839
  0.97415
  0.97844
  0.98759
  0.97642
  0.95972
  0.97645
  0.98082
  0.96320
  0.97010
  0.95382
  0.98641
  0.98217
  0.98017
  0.98683
  0.97587
  0.97109
  0.98224
  0.97098
  0.96445
  0.97353
  0.98083
  0.94262
  0.97698
  0.98495
  0.98153
  0.96809
  0.97308
  0.95504
  0.97365
  0.95228
  0.96861
  0.94240
  0.95903
  0.97457
  0.96183
  0.93416
  0.96126
  0.93560
  0.96194
  0.93351
  0.93983
  0.91590
  0.97144
  0.96477
  0.98066
  0.94652
  0.94312
  0.96701
  0.97318
  0.94406
  0.95116
  0.93943
  0.95766
  0.97445
  0.97878
  0.91632
  0.96775
  0.93352
  0.95040
  0.97621
  0.93375
  0.92014
  0.94368
  0.94914
  0.95652
  0.96209
  0.94822
  0.94287
  0.93796
  0.95177
  0.97707
  0.97593
  0.97087
  0.95491
  0.94480
  0.91851
  0.94871
  0.94726
  0.97814
  0.98262
  0.95980
  0.98555
  0.97952
  0.95892
  0.93423
  0.94877
  0.97761
  0.95501
  0.98655
  0.97025
  0.95572
  0.98394
  0.97867
  0.97268
  0.98989
  0.93884
  0.98448
  0.93552
  0.95941
  0.96986
  0.98993
  0.97177
  0.96124
  0.95940
  0.96722
  0.98158
  0.97339
  0.97132
  0.98629
  0.94719
  0.98036
  0.98188
  0.97523
  0.96545
  0.98696
  0.95829
  0.95651
  0.95992
  0.95719
  0.97164
  0.96529
  0.92629
  0.95335
  0.96835
  0.97391
  0.94515
  0.94034
  0.96403
  0.96486
  0.94569
  0.97499
  0.97346
  0.94106
  0.96510
  0.97727
  0.96506
  0.97282
  0.96064
  0.94622
  0.94108
  0.94631
  0.95505
  0.93234
  0.97898
  0.97117
  0.97194
  0.93890
  0.96786
  0.98236
  0.93528
  0.96425
  0.93981
  0.92230
  0.95914
  0.97869
  0.96044
  0.95598
  0.94649
  0.97747
  0.97647
  0.91332
  0.95933
  0.96072
  0.94652
  0.96466
  0.96803
  0.94878
  0.97981
  0.96484
  0.96353
  0.96985
  0.98825
  0.96495
  0.96549
  0.94731
  0.98189
  0.94430
  0.98307
  0.96948
  0.97453
  0.97721
  0.98982
  0.96155
  0.95014
  0.97113
  0.98581
  0.98937
  0.95553
  0.95864
  0.95701
  0.98931
  0.94011
  0.95408
  0.98446
  0.98135
  0.96598
  0.97438
  0.97804
  0.95632
  0.96467
  0.97221
  0.95632
  0.94450
  0.96974
  0.96929
  0.92898
  0.96805
  0.95718
  0.97585
  0.94775
  0.97952
  0.95685
  0.95545
  0.98197
  0.98508
  0.96685
  0.96480
  0.97602
  0.97117
  0.95300
  0.94159
  0.91834
  0.92145
  0.92470
  0.95762
  0.94547
  0.96934
  0.96822
  0.97854
  0.95101
  0.94195
  0.94753
  0.95490
  0.96298
  0.96964
  0.95012
  0.94112
  0.97498
  0.94778
  0.97721
  0.94768
  0.94474
  0.97193
  0.96819
  0.94556
  0.92099
  0.97498
  0.96147
  0.96673
  0.93422
  0.93746
  0.95573
  0.98025
  0.94365
  0.97124
  0.94743
  0.98359
  0.96881
  0.98066
  0.98073
  0.97214
  0.98669
  0.97651
  0.95427
  0.95322
  0.98015
  0.97024
  0.96855
  0.98607
  0.97575
  0.98722
  0.98785
  0.98347
  0.98702
  0.97608
  0.96304
  0.98455
  0.98309
  0.96828
  0.96137
  0.98143
  0.97525
  0.95984
  0.96450
  0.98254
  0.98983
  0.97334
  0.94376
  0.96636
  0.94117
  0.97039
  0.92706
  0.92953
  0.92905
  0.95546
  0.91422
  0.95736
  0.94910
  0.97566
  0.97645
  0.96765
  0.94413
  0.96938
  0.96546
  0.92983
  0.97945
  0.95985
  0.93974
  0.96386
  0.97747
  0.95085
  0.93905
  0.96433
  0.96555
  0.97029
  0.97306
  0.91761
  0.97617
  0.96750
  0.94027
  0.94481
  0.94877
  0.97921
  0.95474
  0.95563
  0.96405
  0.95919
  0.96023
  0.94226
  0.96735
  0.95403
  0.95727
  0.92489
  0.93609
  0.95609
  0.97581
  0.96221
  0.97817
  0.94694
  0.96588
  0.97370
  0.99144
  0.97386
  0.98529
  0.98020
  0.98122
  0.95752
  0.97902
  0.95885
  0.98002
  0.95872
  0.97437
  0.96266
  0.98041
  0.98333
  0.98794
  0.94842
  0.97693
  0.93537
  0.93983
  0.97461
  0.97456
  0.97828
  0.95871
  0.96972
  0.97770
  0.96038
  0.96617
  0.95354
  0.98220
  0.97950
  0.96521
  0.98598
  0.97785
  0.97301
  0.95282
  0.94542
  0.97591
  0.94986
  0.95960
  0.96347
  0.92161
  0.96092
  0.95522
  0.96627
  0.98046
  0.96216
  0.95716
  0.96131
  0.95590
  0.95831
  0.97071
  0.95470
  0.96922
  0.98032
  0.96928
  0.97422
  0.94324
  0.97466
  0.97861
  0.92729
  0.97279
  0.97524
  0.96992
  0.94401
  0.96319
  0.96350
  0.97809
  0.94785
  0.97530
  0.95691
  0.95961
  0.97403
  0.95324
  0.96363
  0.97381
  0.95264
  0.96605
  0.94939
  0.94160
  0.93551
  0.95782
  0.95805
  0.97748
  0.97869
  0.97106
  0.99138
  0.95272
  0.96395
  0.95814
  0.95986
  0.95987
  0.96981
  0.98049
  0.95273
  0.95317
  0.95755
  0.98349
  0.98537
  0.98058
  0.98328
  0.96516
  0.95494
  0.96237
  0.94366
  0.97654
  0.97617
  0.95434
  0.97089
  0.98630
  0.94096
  0.98068
  0.96395
  0.96233
  0.97960
  0.96134
  0.98501
  0.94515
  0.97421
  0.97198
  0.92314
  0.97081
  0.95838
  0.95025
  0.96969
  0.96943
  0.97598
  0.96724
  0.93212
  0.94728
  0.95479
  0.96746
  0.96082
  0.95866
  0.97452
  0.96612
  0.95056
  0.93518
  0.94875
  0.93893
  0.96559
  0.91820
  0.98422
  0.97517
  0.98198
  0.90583
  0.94652
  0.96671
  0.97203
  0.95261
  0.93993
  0.97533
  0.97586
  0.93758
  0.95797
  0.89118
  0.96891
  0.90506
  0.97417
  0.97088
  0.97165
  0.94592
  0.95417
  0.95783
  0.97415
  0.97083
  0.95942
  0.98416
  0.97014
  0.95626
  0.94774
  0.97930
  0.95911
  0.98681
  0.95708
  0.97179
  0.97272
  0.98613
  0.98572
  0.96975
  0.98868
  0.96508
  0.95714
  0.98015
  0.95035
  0.97136
  0.95436
  0.96111
  0.98342
  0.98140
  0.96502
  0.97374
  0.98487
  0.96414
  0.95690
  0.99258
  0.98260
  0.94857
  0.98182
  0.95565
  0.97169
  0.95771
  0.96084
  0.97777
  0.97106
  0.93920
  0.96876
  0.94637
  0.97341
  0.95823
  0.96670
  0.96376
  0.98109
  0.97296
  0.97098
  0.97822
  0.97389
  0.97376
  0.97757
  0.95417
  0.93271
  0.93503
  0.97306
  0.96243
  0.94274
  0.97480
  0.91131
  0.97660
  0.94662
  0.98030
  0.93117
  0.96153
  0.96910
  0.94870
  0.95803
  0.96889
  0.95580
  0.94846
  0.97372
  0.96462
  0.93864
  0.91126
  0.93517
  0.96638
  0.94749
  0.95881
  0.96148
  0.98102
  0.95478
  0.95599
  0.94807
  0.94842
  0.95271
  0.99039
  0.98479
  0.93684
  0.97330
  0.98073
  0.93832
  0.93909
  0.95429
  0.96658
  0.97284
  0.98963
  0.98277
  0.98731
  0.96515
  0.97295
  0.97589
  0.98702
  0.96442
  0.96907
  0.98375
  0.96840
  0.97666
  0.95683
  0.98252
  0.97393
  0.96101
  0.98670
  0.96408
  0.97299
  0.94851
  0.95546
  0.95377
  0.94105
  0.97852
  0.94887
  0.93585
  0.95874
  0.92704
  0.94236
  0.98007
  0.95258
  0.96330
  0.95631
  0.98449
  0.94472
  0.97164
  0.96999
  0.97814
  0.96365
  0.97427
  0.95851
  0.95765
  0.96203
  0.96545
  0.95829
  0.94201
  0.96129
  0.95938
  0.92651
  0.96301
  0.91920
  0.97628
  0.94925
  0.92867
  0.97783
  0.95325
  0.96906
  0.95572
  0.93995
  0.95332
  0.96973
  0.94208
  0.93866
  0.92845
  0.95045
  0.98003
  0.94328
  0.96519
  0.97713
  0.93775
  0.98260
  0.94608
  0.95324
  0.94802
  0.98245
  0.96576
  0.97775
  0.98177
  0.94833
  0.95570
  0.96890
  0.96786
  0.98320
  0.96404
  0.96816
  0.95685
  0.97648
  0.97990
  0.97172
  0.96102
  0.96296
  0.96846
  0.97943
  0.97898
  0.97144
  0.98412
  0.97279
  0.98093
  0.96950
  0.97431
  0.95944
  0.97173
  0.97864
  0.93044
  0.97344
  0.96020
  0.93493
  0.97240
  0.91288
  0.95764
  0.96677
  0.94910
  0.96631
  0.97961
  0.97839
  0.96889
  0.95884
  0.96122
  0.92947
  0.97126
  0.96260
  0.92812
  0.93162
  0.96615
  0.93393
  0.94953
  0.93628
  0.96238
  0.98015
  0.95891
  0.95663
  0.91382
  0.94127
  0.94977
  0.96283
  0.94772
  0.92220
  0.91119
  0.94691
  0.93864
  0.94639
  0.95844
  0.92193
  0.95140
  0.94895
  0.95631
  0.95305
  0.92006
  0.97346
  0.94409
  0.97996
  0.97995
  0.98223
  0.95548
  0.96952
  0.99696
  0.97053
  0.93780
  0.97970
  0.97717
  0.98069
  0.97920
  0.97430
  0.96649
  0.96054
  0.98985
  0.98475
  0.97304
  0.97764
  0.96947
  0.95356
  0.95905
  0.97792
  0.98402
  0.97153
  0.97066
  0.98808
  0.96997
  0.97912
  0.93834
  0.96030
  0.94670
  0.93866
  0.97206
  0.97037
  0.97503
  0.96017
  0.97277
  0.96498
  0.97923
  0.97131
  0.94099
  0.97250
  0.93922
  0.97570
  0.95850
  0.97218
  0.97662
  0.95131
  0.97787
  0.95158
  0.96718
  0.95169
  0.98024
  0.96813
  0.94182
  0.95665
  0.94099
  0.91924
  0.96625
  0.97484
  0.97830
  0.94740
  0.97721
  0.94781
  0.97437
  0.96728
  0.97502
  0.92868
  0.95718
  0.94126
  0.93782
  0.96767
  0.93829
  0.94669
  0.96467
  0.97604
  0.93839
  0.96970
  0.97257
  0.98790
  0.98524
  0.98077
  0.95209
  0.97282
  0.98535
  0.95927
  0.98048
  0.97298
  0.94959
  0.97499
  0.97364
  0.97596
  0.98583
  0.96555
  0.98568
  0.97708
  0.98825
  0.98832
  0.97285
  0.96997
  0.97698
  0.95381
  0.97578
  0.97283
  0.96955
  0.98375
  0.98608
  0.98037
  0.94481
  0.95723
  0.95844
  0.96404
  0.96589
  0.97949
  0.94521
  0.97269
  0.95366
  0.93641
  0.95403
  0.95407
  0.92632
  0.97794
  0.97168
  0.97198
  0.96810
  0.98141
  0.96794
  0.96077
  0.95094
  0.96913
  0.92786
  0.96889
  0.93788
  0.96522
  0.94867
  0.96556
  0.96878
  0.96211
  0.94821
  0.90854
  0.93780
  0.97995
  0.97720
  0.95000
  0.96412
  0.96649
  0.96072
  0.95829
  0.92141
  0.97256
  0.94464
  0.95820
  0.96883
  0.94230
  0.94928
  0.98205
  0.94395
  0.93502
  0.98789
  0.98124
  0.96389
  0.96645
  0.98337
  0.97715
  0.97172
  0.95851
  0.97480
  0.98389
  0.97422
  0.97480
  0.98142
  0.98767
  0.95685
  0.97269
  0.96526
  0.97456
  0.98289
  0.96639
  0.97735
  0.95473
  0.97604
  0.97902
  0.92049
  0.96107
  0.97818
  0.97741
  0.97322
  0.97350
  0.95015
  0.97312
  0.97531
  0.96353
  0.97272
  0.94225
  0.97595
  0.97425
  0.97197
  0.97659
  0.96382
  0.94212
  0.98113
  0.97803
  0.96657
  0.95124
  0.94919
  0.96525
  0.93744
  0.96598
  0.93462
  0.96401
  0.94373
  0.96794
  0.91888
  0.93242
  0.95395
  0.97272
  0.95177
  0.97111
  0.96749
  0.96552
  0.97309
  0.96173
  0.96591
  0.93475
  0.97174
  0.95626
  0.93600
  0.94401
  0.95118
  0.93078
  0.90958
  0.96017
  0.95842
  0.94572
  0.95696
  0.98141
  0.96956
  0.98737
  0.98600
  0.98750
  0.99219
  0.97747
  0.98328
  0.96754
  0.96971
  0.98831
  0.94605
  0.98397
  0.98432
  0.96340
  0.98276
  0.96273
  0.98351
  0.98443
  0.97514
  0.97064
  0.96876
  0.97059
  0.97770
  0.97547
  0.97774
  0.94965
  0.97841
  0.97912
  0.96234
  0.97584
  0.94941
  0.96002
  0.96454
  0.96779
  0.94264
  0.97365
  0.96910
  0.97957
  0.96150
  0.96445
  0.95375
  0.96303
  0.97241
  0.93958
  0.97895
  0.93995
  0.98078
  0.94129
  0.94918
  0.95703
  0.94708
  0.93633
  0.96988
  0.93711
  0.93173
  0.97998
  0.96783
  0.97277
  0.95630
  0.96574
  0.97863
  0.92766
  0.97577
  0.91943
  0.95517
  0.97785
  0.96848
  0.96726
  0.98116
  0.93382
  0.93540
  0.95291
  0.95616
  0.96677
  0.96411
  0.94043
  0.93191
  0.94497
  0.97522
  0.97464
  0.98969
  0.94243
  0.97945
  0.98399
  0.94924
  0.97400
  0.97689
  0.95221
  0.98909
  0.97690
  0.95857
  0.98133
  0.98009
  0.98396
  0.95327
  0.97419
  0.97763
  0.98813
  0.94479
  0.98132
  0.97106
  0.95375
  0.97566
  0.97971
  0.97500
  0.97384
  0.96543
  0.95010
  0.97412
  0.95672
  0.97438
  0.94728
  0.97328
  0.96958
  0.97557
  0.92967
  0.93329
  0.97796
  0.93317
  0.97855
  0.95607
  0.90643
  0.95162
  0.96461
  0.96804
  0.94317
  0.96310
  0.94809
  0.92974
  0.94935
  0.98226
  0.95252
  0.95244
  0.97734
  0.95719
  0.97723
  0.97441
  0.93720
  0.98021
  0.92632
  0.97267
  0.97427
  0.95656
  0.97602
  0.95928
  0.97155
  0.96024
  0.95557
  0.93831
  0.96595
  0.97240
  0.98125
  0.90904
  0.97526
  0.96703
  0.97864
  0.95807
  0.96882
  0.97625
  0.97406
  0.97072
  0.97167
  0.97138
  0.94709
  0.95861
  0.95361
  0.96889
  0.96719
  0.94182
  0.97900
  0.96111
  0.95489
  0.94663
  0.95142
  0.96294
  0.98531
  0.97774
  0.99350
  0.96722
  0.95289
  0.96873
  0.92627
  0.92574
  0.95667
  0.97930
  0.97230
  0.92568
  0.97166
  0.97214
  0.93305
  0.96709
  0.96870
  0.95844
  0.97247
  0.96453
  0.95554
  0.92690
  0.96866
  0.94672
  0.95907
  0.97629
  0.94589
  0.97799
  0.92004
  0.93957
  0.93971
  0.91616
  0.97050
  0.92647
  0.96470
  0.92792
  0.96809
  0.95832
  0.94781
  0.94236
  0.96383
  0.96729
  0.96759
  0.93890
  0.98034
  0.96218
  0.96796
  0.97682
  0.95989
  0.93977
  0.95306
  0.92813
  0.97566
  0.96823
  0.94182
  0.98766
  0.98217
  0.95319
  0.94705
  0.98450
  0.95671
  0.96566
  0.95759
  0.94970
  0.94348
  0.97760
  0.98040
  0.98217
  0.96009
  0.96700
  0.98412
  0.97165
  0.97189
  0.97573
  0.96423
  0.97586
  0.97235
  0.94381
  0.97257
  0.94247
  0.95973
  0.95952
  0.95900
  0.95069
  0.95431
  0.96620
  0.93516
  0.97901
  0.94497
  0.92883
  0.93750
  0.93708
  0.93106
  0.93618
  0.97296
  0.96284
  0.95276
  0.97777
  0.98182
  0.94495
  0.91613
  0.97999
  0.96276
  0.97514
  0.97470
  0.92208
  0.96866
  0.91583
  0.95628
  0.92826
  0.97620
  0.92743
  0.92893
  0.96223
  0.98182
  0.97358
  0.95945
  0.96333
  0.94504
  0.91926
  0.96469
  0.94112
  0.95878
  0.95355
  0.97996
  0.96299
  0.96501
  0.96666
  0.98734
  0.95849
  0.97385
  0.97552
  0.98971
  0.97746
  0.96805
  0.98239
  0.98952
  0.96153
  0.93488
  0.93920
  0.97432
  0.98073
  0.98520
  0.96775
  0.98022
  0.98349
  0.97104
  0.98175
  0.93305
  0.96954
  0.94033
  0.93525
  0.93021
  0.94837
  0.92475
  0.93720
  0.95849
  0.97120
  0.97016
  0.93962
  0.93947
  0.97452
  0.96543
  0.96771
  0.98060
  0.96291
  0.96517
  0.96787
  0.96841
  0.97376
  0.96942
  0.96424
  0.95713
  0.94393
  0.94097
  0.93269
  0.97733
  0.97747
  0.95190
  0.97491
  0.97255
  0.92334
  0.93421
  0.94819
  0.96765
  0.95880
  0.96806
  0.96581
  0.97683
  0.93427
  0.95701
  0.94260
  0.94621
  0.96630
  0.92775
  0.93370
  0.96006
  0.94104
  0.95753
  0.97167
  0.98682
  0.96663
  0.98916
  0.94080
  0.98644
  0.95080
  0.98165
  0.98098
  0.95873
  0.98139
  0.96947
  0.98963
  0.98230
  0.98290
  0.96309
  0.97219
  0.98262
  0.98587
  0.96281
  0.98102
  0.96618
  0.93662
  0.95952
  0.91163
  0.96428
  0.95952
  0.92443
  0.96788
  0.96326
  0.92553
  0.96365
  0.92278
  0.94097
  0.93087
  0.96833
  0.93795
  0.97992
  0.97643
  0.97096
  0.97174
  0.95470
  0.96450
  0.96467
  0.95964
  0.93921
  0.94729
  0.94005
  0.97908
  0.96417
  0.97372
  0.96429
  0.96434
  0.94668
  0.94317
  0.95553
  0.91925
  0.97559
  0.92185
  0.94958
  0.93914
  0.97261
  0.96105
  0.95865
  0.96609
  0.96740
  0.97738
  0.97029
  0.95126
  0.97819
  0.93649
  0.97732
  0.93791
  0.94378
  0.98638
  0.98580
  0.96223
  0.98273
  0.98681
  0.98333
  0.96476
  0.96387
  0.96357
  0.95862
  0.95800
  0.97415
  0.95984
  0.97157
  0.97705
  0.95290
  0.98609
  0.97720
  0.96295
  0.95616
  0.95210
  0.96021
  0.95746
  0.93312
  0.96937
  0.96804
  0.97137
  0.91024
  0.94073
  0.97396
  0.96092
  0.96939
  0.96939
  0.93894
  0.93257
  0.91933
  0.91552
  0.96957
  0.95216
  0.96358
  0.94298
  0.94663
  0.96666
  0.95312
  0.97288
  0.97265
  0.95001
  0.95644
  0.95929
  0.95416
  0.95801
  0.97220
  0.94299
  0.92681
  0.97694
  0.95598
  0.92716
  0.95839
  0.92985
  0.96278
  0.96577
  0.97077
  0.94572
  0.97285
  0.97105
  0.98256
  0.96309
  0.97653
  0.94241
  0.97805
  0.97250
  0.96131
  0.98323
  0.97062
  0.98414
  0.98336
  0.97860
  0.98114
  0.96895
  0.97304
  0.97734
  0.98258
  0.96668
  0.93705
  0.95004
  0.97543
  0.97605
  0.94634
  0.97220
  0.97066
  0.94937
  0.94861
  0.97546
  0.97466
  0.96246
  0.97251
  0.96909
  0.97685
  0.95433
  0.97224
  0.95364
  0.97524
  0.95444
  0.90721
  0.96484
  0.93724
  0.96627
  0.94198
  0.98264
  0.96176
  0.95334
  0.96298
  0.96750
  0.97925
  0.94143
  0.97574
  0.92168
  0.97753
  0.96709
  0.96662
  0.92911
  0.96229
  0.94668
  0.91246
  0.94897
  0.97617
  0.92349
  0.96070
  0.94465
  0.97759
  0.96853
  0.96001
  0.97839
  0.95390
  0.92976
  0.97393
  0.96561
  0.93999
  0.91725
  0.95012
  0.98585
  0.98137
  0.97575
  0.97107
  0.94990
  0.96713
  0.96265
  0.97998
  0.99146
  0.96193
  0.97748
  0.96686
  0.98194
  0.98044
  0.98991
  0.95568
  0.98097
  0.97061
  0.96563
  0.92883
  0.94157
  0.97915
  0.95396
  0.97422
  0.91830
  0.97238
  0.97323
  0.94903
  0.96181
  0.97321
  0.96971
  0.96477
  0.97285
  0.96712
  0.93026
  0.94321
  0.96659
  0.93915
  0.95332
  0.97596
  0.96634
  0.93173
  0.97388
  0.94502
  0.96516
  0.95707
  0.93356
  0.95176
  0.96840
  0.95623
  0.96890
  0.98369
  0.96508
  0.95483
  0.95081
  0.97539
  0.96531
  0.95300
  0.97174
  0.91119
  0.96494
  0.94017
  0.96357
  0.94966
  0.95678
  0.97038
  0.97587
  0.95614
  0.95780
  0.94727
  0.96855
  0.95055
  0.94017
  0.98108
  0.95691
  0.97016
  0.98138
  0.97093
  0.97485
  0.97850
  0.98515
  0.95962
  0.96429
  0.97323
  0.96728
  0.96177
  0.96390
  0.94908
  0.97594
  0.97743
  0.96899
  0.97748
  0.93827
  0.97365
  0.95565
  0.97051
  0.95085
  0.95356
  0.95987
  0.94325
  0.98046
  0.97603
  0.92528
  0.93372
  0.95324
  0.97150
  0.89405
  0.96283
  0.91270
  0.96419
  0.96862
  0.96843
  0.97391
  0.93435
  0.96388
  0.93871
  0.95797
  0.96272
  0.96885
  0.96620
  0.95675
  0.96083
  0.93949
  0.96595
  0.96661
  0.96191
  0.96961
  0.92786
  0.91297
  0.97752
  0.95633
  0.96923
  0.95311
  0.97714
  0.94011
  0.96698
  0.96914
  0.98521
  0.98208
  0.98090
  0.98068
  0.97790
  0.95085
  0.97196
  0.99290
  0.98749
  0.98783
  0.95251
  0.96688
  0.96060
  0.97641
  0.97481
  0.98455
  0.98107
  0.93515
  0.96877
  0.96833
  0.92968
  0.97006
  0.98222
  0.97495
  0.96441
  0.96762
  0.95942
  0.93795
  0.96028
  0.96622
  0.96997
  0.97526
  0.96078
  0.97260
  0.96471
  0.94048
  0.97409
  0.95189
  0.97318
  0.96526
  0.93737
  0.93446
  0.95688
  0.97005
  0.97231
  0.95958
  0.96259
  0.93218
  0.94974
  0.97173
  0.94472
  0.94765
  0.96444
  0.95641
  0.96453
  0.94334
  0.96201
  0.91681
  0.97382
  0.91857
  0.96565
  0.95969
  0.94841
  0.94339
  0.96767
  0.94405
  0.97665
  0.97371
  0.98508
  0.96352
  0.97715
  0.97321
  0.94210
  0.97404
  0.97297
  0.97057
  0.97413
  0.97220
  0.96669
  0.98298
  0.97391
  0.97892
  0.95241
  0.96982
  0.95533
  0.96124
  0.92168
  0.95158
  0.97691
  0.97480
  0.97821
  0.92010
  0.97923
  0.97512
  0.95666
  0.96804
  0.98194
  0.97784
  0.97754
  0.95828
  0.96073
  0.96791
  0.97015
  0.96829
  0.95331
  0.94185
  0.95922
  0.96314
  0.96680
  0.95642
  0.98207
  0.97732
  0.97470
  0.97747
  0.97168
  0.97625
  0.95577
  0.94277
  0.96908
  0.96092
  0.95153
  0.95594
  0.97252
  0.98014
  0.94011
  0.92776
  0.95596
  0.97271
  0.96934
  0.92579
  0.91058
  0.96649
  0.97426
  0.97742
  0.96969
  0.97338
  0.97594
  0.97859
  0.98122
  0.97158
  0.97297
  0.96559
  0.98600
  0.98528
  0.96820
  0.97397
  0.96903
  0.98577
  0.94955
  0.93773
  0.94681
  0.93648
  0.96429
  0.96451
  0.95573
  0.95816
  0.98307
  0.93664
  0.94571
  0.96048
  0.94053
  0.94246
  0.96313
  0.96897
  0.90671
  0.95953
  0.88825
  0.93340
  0.94912
  0.95814
  0.90057
  0.96046
  0.96444
  0.93761
  0.95156
  0.93263
  0.96737
  0.94181
  0.97848
  0.96669
  0.96360
  0.95220
  0.97286
  0.96252
  0.93115
  0.95582
  0.97035
  0.95082
  0.97437
  0.93637
  0.97123
  0.95801
  0.95364
  0.97609
  0.96584
  0.96981
  0.93507
  0.97037
  0.95653
  0.97681
  0.96479
  0.97980
  0.98272
  0.96771
  0.96405
  0.97936
  0.96111
  0.95831
  0.95296
  0.96115
  0.96047
  0.92423
  0.94803
  0.95689
  0.93595
  0.97273
  0.96290
  0.97111
  0.96408
  0.97535
  0.98341
  0.97505
  0.95805
  0.92227
  0.95734
  0.92127
  0.96688
  0.94220
  0.97790
  0.96667
  0.96117
  0.96950
  0.95350
  0.94354
  0.96190
  0.97449
  0.94494
  0.95171
  0.94435
  0.95111
  0.95514
  0.96582
  0.94559
  0.97119
  0.94305
  0.93633
  0.96604
  0.97221
  0.97687
  0.95262
  0.97179
  0.95455
  0.94875
  0.97714
  0.95740
  0.97783
  0.91911
  0.94188
  0.95524
  0.93039
  0.96170
  0.94475
  0.97411
  0.97454
  0.95372
  0.98649
  0.95610
  0.96886
  0.92785
  0.95722
  0.98529
  0.98669
  0.97339
  0.95456
  0.95252
  0.91822
  0.95892
  0.96561
  0.96992
  0.96082
  0.95904
  0.93317
  0.97065
  0.97837
  0.94899
  0.95484
  0.94963
  0.95161
  0.97503
  0.96951
  0.95251
  0.96359
  0.96317
  0.92640
  0.94899
  0.94440
  0.97176
  0.96153
  0.97706
  0.97946
  0.97061
  0.97207
  0.96546
  0.96053
  0.96060
  0.93627
  0.94009
  0.96646
  0.95604
  0.96767
  0.97190
  0.97311
  0.94466
  0.96323
  0.95238
  0.97166
  0.96090
  0.97648
  0.97176
  0.93308
  0.95501
  0.95024
  0.93926
  0.93812
  0.95447
  0.95398
  0.98034
  0.96995
  0.95627
  0.97486
  0.94478
  0.97448
  0.95511
  0.98205
  0.92500
  0.96974
  0.98337
  0.95351
  0.97991
  0.96240
  0.91636
  0.98150
  0.96551
  0.95828
  0.92692
  0.96627
  0.97134
  0.97903
  0.96431
  0.94762
  0.96296
  0.96763
  0.96077
  0.94719
  0.97157
  0.97423
  0.97246
  0.97111
  0.97497
  0.98125
  0.94509
  0.95685
  0.95590
  0.97462
  0.92850
  0.90225
  0.97922
  0.95284
  0.97469
  0.92622
  0.96754
  0.97517
  0.96989
  0.97401
  0.96012
  0.94788
  0.96514
  0.94471
  0.89758
  0.96175
  0.94890
  0.96415
  0.94980
  0.96728
  0.97300
  0.97007
  0.95944
  0.96964
  0.94509
  0.98384
  0.96357
  0.97991
  0.98685
  0.98281
  0.98410
  0.97637
  0.95311
  0.94942
  0.93624
  0.95594
  0.96035
  0.94277
  0.95240
  0.97112
  0.96066
  0.97039
  0.94255
  0.97696
  0.97243
  0.96410
  0.96166
  0.96698
  0.92979
  0.95074
  0.95193
  0.96080
  0.97790
  0.92124
  0.96508
  0.96879
  0.96229
  0.96582
  0.98376
  0.95419
  0.97669
  0.97545
  0.96181
  0.96960
  0.94880
  0.93914
  0.97416
  0.95844
  0.94233
  0.96922
  0.96020
  0.95699
  0.93069
  0.97309
  0.93204
  0.94957
  0.93752
  0.95788
  0.92278
  0.94108
  0.95793
  0.97362
  0.97373
  0.96049
  0.98075
  0.98742
  0.96709
  0.94673
  0.97711
  0.98995
  0.97745
  0.97657
  0.96037
  0.95751
  0.94472
  0.91527
  0.96418
  0.95307
  0.96465
  0.97325
  0.95132
  0.97028
  0.97903
  0.96726
  0.92340
  0.94473
  0.97927
  0.97514
  0.95828
  0.97380
  0.97501
  0.96017
  0.92993
  0.95486
  0.97542
  0.93084
  0.93877
  0.97561
  0.97407
  0.97621
  0.97472
  0.96741
  0.93461
  0.97981
  0.94161
  0.98198
  0.97351
  0.94692
  0.92576
  0.96803
  0.96400
  0.96982
  0.95696
  0.94192
  0.95015
  0.97573
  0.94966
  0.93136
  0.96213
  0.95246
  0.96693
  0.96652
  0.95661
  0.97954
  0.98203
  0.97660
  0.98377
  0.96219
  0.94755
  0.98953
  0.97420
  0.97528
  0.93643
  0.96587
  0.89999
  0.93287
  0.95128
  0.93668
  0.90976
  0.97591
  0.94317
  0.96404
  0.97456
  0.94512
  0.95684
  0.92534
  0.93473
  0.94883
  0.97360
  0.97165
  0.96936
  0.96822
  0.87799
  0.95298
  0.93311
  0.94752
  0.94517
  0.96145
  0.91472
  0.97104
  0.97291
  0.97549
  0.96279
  0.97597
  0.97758
  0.93896
  0.92287
  0.94150
  0.96292
  0.95225
  0.97681
  0.95483
  0.97510
  0.97423
  0.95067
  0.97333
  0.97491
  0.92193
  0.96248
  0.97298
  0.94598
  0.89791
  0.93136
  0.98108
  0.95441
  0.94160
  0.97022
  0.97347
  0.95947
  0.98427
  0.98338
  0.94264
  0.97030
  0.96655
  0.97368
  0.96034
  0.92876
  0.96726
  0.96749
  0.97770
  0.96043
  0.98052
  0.95743
  0.93415
  0.97593
  0.96809
  0.94807
  0.96383
  0.96354
  0.96926
  0.94968
  0.95351
  0.93845
  0.95492
  0.94404
  0.95033
  0.96010
  0.97986
  0.96252
  0.96793
  0.97862
  0.96719
  0.94766
  0.92943
  0.96361
  0.91334
  0.95082
  0.96801
  0.95170
  0.97920
  0.95065
  0.95409
  0.96233
  0.95736
  0.94080
  0.97198
  0.97305
  0.97128
  0.96681
  0.96157
  0.96542
  0.98279
  0.98765
  0.93844
  0.93185
  0.98331
  0.96999
  0.97858
  0.95915
  0.92880
  0.97510
  0.95567
  0.94217
  0.95639
  0.96881
  0.96986
  0.96945
  0.97305
  0.92416
  0.96197
  0.96393
  0.90491
  0.89482
  0.98156
  0.94917
  0.97727
  0.97032
  0.96232
  0.97953
  0.93641
  0.97096
  0.93825
  0.95985
  0.97271
  0.94958
  0.97890
  0.97214
  0.93496
  0.97222
  0.90094
  0.90886
  0.97228
  0.95308
  0.95853
  0.98102
  0.97553
  0.98192
  0.97785
  0.95437
  0.94517
  0.95918
  0.95483
  0.96668
  0.91139
  0.94083
  0.96236
  0.96012
  0.95854
  0.98213
  0.96528
  0.95534
  0.95840
  0.96374
  0.95321
  0.87709
  0.95715
  0.97223
  0.94722
  0.94753
  0.94468
  0.96406
  0.96967
  0.98120
  0.92365
  0.97304
  0.94046
  0.88781
  0.96164
  0.90156
  0.96020
  0.96746
  0.93309
  0.93846
  0.97953
  0.97425
  0.95014
  0.98287
  0.95381
  0.97742
  0.97006
  0.97486
  0.95379
  0.96902
  0.96729
  0.97272
  0.96163
  0.91965
  0.97421
  0.96589
  0.96893
  0.96409
  0.93483
  0.95612
  0.95861
  0.94669
  0.95365
  0.94592
  0.96689
  0.94395
  0.97910
  0.97678
  0.97375
  0.97567
  0.97043
  0.96016
  0.97853
  0.97652
  0.97007
  0.94786
  0.94516
  0.88890
  0.93158
  0.95076
  0.96686
  0.93063
  0.97615
  0.94953
  0.93955
  0.97158
  0.95480
  0.95532
  0.93662
  0.97584
  0.96396
  0.93665
  0.97691
  0.98268
  0.97248
  0.96264
  0.97778
  0.96525
  0.97503
  0.95633
  0.93957
  0.96705
  0.94417
  0.93300
  0.94825
  0.93609
  0.94608
  0.91626
  0.95687
  0.97404
  0.94241
  0.93615
  0.95004
  0.98206
  0.94632
  0.93730
  0.97878
  0.95105
  0.96332
  0.95024
  0.91992
  0.96758
  0.94511
  0.94425
  0.94215
  0.96802
  0.96699
  0.95798
  0.97783
  0.93990
  0.95074
  0.93744
  0.95368
  0.97759
  0.95451
  0.96425
  0.96257
  0.95963
  0.93048
  0.97885
  0.96323
  0.95120
  0.97727
  0.95700
  0.94417
  0.95291
  0.97911
  0.96351
  0.92340
  0.95649
  0.93691
  0.96179
  0.96837
  0.96359
  0.92022
  0.93007
  0.96584
  0.96583
  0.97132
  0.93681
  0.97677
  0.93900
  0.95489
  0.96341
  0.96649
  0.95232
  0.93602
  0.95472
  0.94807
  0.93779
  0.89920
  0.94131
  0.95099
  0.97823
  0.97090
  0.96190
  0.97738
  0.90718
  0.94554
  0.97309
  0.98862
  0.96317
  0.97199
  0.94738
  0.93933
  0.95924
  0.96711
  0.93234
  0.96957
  0.94153
  0.96931
  0.97202
  0.94876
  0.97737
  0.97103
  0.96823
  0.96904
  0.97333
  0.97876
  0.97997
  0.97942
  0.97591
  0.93783
  0.97533
  0.96525
  0.98224
  0.96486
  0.95227
  0.97672
  0.96105
  0.97394
  0.96147
  0.97716
  0.97943
  0.97356
  0.96741
  0.98378
  0.96453
  0.97738
  0.96652
  0.96676
  0.95525
  0.96564
  0.96310
  0.98090
  0.97492
  0.95223
  0.96931
  0.95753
  0.96982
  0.95802
  0.97760
  0.96882
  0.96164
  0.95007
  0.95724
  0.97218
  0.97451
  0.96177
  0.90473
  0.97471
  0.96449
  0.97684
  0.97681
  0.94907
  0.96745
  0.92662
  0.96214
  0.94033
  0.91985
  0.96959
  0.94660
  0.96332
  0.96837
  0.97951
  0.97158
  0.96605
  0.96540
  0.94146
  0.95968
  0.96147
  0.96670
  0.97292
  0.96353
  0.96804
  0.96492
  0.96745
  0.96236
  0.95532
  0.93658
  0.97818
  0.97276
  0.97926
  0.95609
  0.97148
  0.94700
  0.94381
  0.94608
  0.96525
  0.98035
  0.96310
  0.97472
  0.97047
  0.95908
  0.94055
  0.93201
  0.93202
  0.94529
  0.95188
  0.97773
  0.95981
  0.93630
  0.95260
  0.93235
  0.94613
  0.97911
  0.97489
  0.96049
  0.97956
  0.96176
  0.93748
  0.93661
  0.97705
  0.97552
  0.97003
  0.92829
  0.94301
  0.94432
  0.93845
  0.95088
  0.95440
  0.97447
  0.95740
  0.96704
  0.97029
  0.96253
  0.95619
  0.97438
  0.98317
  0.95831
  0.93963
  0.97501
  0.97662
  0.93854
  0.95121
  0.96624
  0.94081
  0.97518
  0.96523
  0.97895
  0.92831
  0.97884
  0.96781
  0.93857
  0.95163
  0.92521
  0.96978
  0.97361
  0.97713
  0.96034
  0.95418
  0.93291
  0.93259
  0.95019
  0.94400
  0.97192
  0.96326
  0.94956
  0.97280
  0.95864
  0.97321
  0.94479
  0.95224
  0.92605
  0.94887
  0.94734
  0.96283
  0.96638
  0.96659
  0.96396
  0.92475
  0.92332
  0.92359
  0.92363
  0.96094
  0.90187
  0.94480
  0.93702
  0.97671
  0.96620
  0.93998
  0.93731
  0.96953
  0.94345
  0.94762
  0.91308
  0.96025
  0.97488
  0.94901
  0.96294
  0.95053
  0.95339
  0.95925
  0.97046
  0.97563
  0.94690
  0.97833
  0.93738
  0.97006
  0.95381
  0.97718
  0.97366
  0.97406
  0.99654
  0.97578
  0.97204
  0.98742
  0.98197
  0.99372
  0.96064
  0.98146
  0.99494
  0.98208
  0.93689
  0.97907
  0.99380
  0.99003
  0.96901
  0.97570
  0.95502
  0.95369
  0.97562
  0.97621
  0.98725
  0.98323
  0.97648
  0.94686
  0.97100
  0.98174
  0.96565
  0.97259
  0.98548
  0.95495
  0.94903
  0.97997
  0.96684
  0.97526
  0.92805
  0.99242
  0.97249
  0.95356
  0.96899
  0.96147
  0.99356
  0.99180
  0.97378
  0.98567
  0.99240
  0.96867
  0.95027
  0.95877
  0.98880
  0.96505
  0.94489
  0.94886
  0.93973
  0.92710
  0.95976
  0.98534
  0.98749
  0.99220
  0.98142
  0.99397
  0.98648
  0.94087
  0.98234
  0.99335
  0.95891
  0.91811
  0.94548
  0.99320
  0.98765
  0.97048
  0.95546
  0.96693
  0.97940
  0.98634
  0.97865
  0.96736
  0.93336
  0.98402
  0.98440
  0.97272
  0.97495
  0.98443
  0.97922
  0.98847
  0.98211
  0.97748
  0.97978
  0.94743
  0.97138
  0.96079
  0.96168
  0.94529
  0.96629
  0.98672
  0.97884
  0.98965
  0.98780
  0.97919
  0.93545
  0.98837
  0.98532
  0.98717
  0.98842
  0.96408
  0.98029
  0.97378
  0.96835
  0.97368
  0.98342
  0.97531
  0.99154
  0.96822
  0.96752
  0.96660
  0.97231
  0.95377
  0.98720
  0.99489
  0.97903
  0.97881
  0.96429
  0.99184
  0.96885
  0.94746
  0.97822
  0.97535
  0.97652
  0.96751
  0.95900
  0.94218
  0.96280
  0.94230
  0.98899
  0.94365
  0.98924
  0.99463
  0.95932
  0.98600
  0.96685
  0.98683
  0.98851
  0.93591
  0.98335
  0.94699
  0.97287
  0.99317
  0.99079
  0.96582
  0.97603
  0.95654
  0.99171
  0.95283
  0.98787
  0.97019
  0.90490
  0.94265
  0.99032
  0.97313
  0.95315
  0.97781
  0.94543
  0.95334
  0.94256
  0.95689
  0.94705
  0.98469
  0.97883
  0.99435
  0.98810
  0.98464
  0.96004
  0.96301
  0.98863
  0.97591
  0.98774
  0.99074
  0.98054
  0.96486
  0.93215
  0.98352
  0.96431
  0.97973
  0.95690
  0.98775
  0.98559
  0.97492
  0.99244
  0.98194
  0.97585
  0.96522
  0.94865
  0.97431
  0.97164
  0.98266
  0.99309
  0.97408
  0.99190
  0.97014
  0.97392
  0.94382
  0.96177
  0.97448
  0.98949
  0.99206
  0.97000
  0.98767
  0.97927
  0.98257
  0.92713
  0.97050
  0.91579
  0.98714
  0.96208
  0.97745
  0.98082
  0.97103
  0.96728
  0.96340
  0.98368
  0.96537
  0.97897
  0.98423
  0.97150
  0.99214
  0.99353
  0.98632
  0.97961
  0.96726
  0.99509
  0.97858
  0.99657
  0.97626
  0.98056
  0.97389
  0.97735
  0.95110
  0.99219
  0.97304
  0.98530
  0.98717
  0.98314
  0.94753
  0.94099
  0.94247
  0.98180
  0.99136
  0.95330
  0.98182
  0.96525
  0.97874
  0.97749
  0.95431
  0.98477
  0.97744
  0.97825
  0.98089
  0.97284
  0.96957
  0.96500
  0.96414
  0.96910
  0.96618
  0.94641
  0.98512
  0.99327
  0.98499
  0.97487
  0.94805
  0.97969
  0.98713
  0.97372
  0.96288
  0.98914
  0.98033
  0.99096
  0.96724
  0.91989
  0.98599
  0.98095
  0.93196
  0.98726
  0.98404
  0.95830
  0.99364
  0.98683
  0.98317
  0.99192
  0.95753
  0.99439
  0.96903
  0.95571
  0.95948
  0.97695
  0.97629
  0.98609
  0.96336
  0.95728
  0.95298
  0.98702
  0.94315
  0.96074
  0.98581
  0.98048
  0.98867
  0.99088
  0.97577
  0.97077
  0.95712
  0.95822
  0.99392
  0.98107
  0.93364
  0.96266
  0.98531
  0.99716
  0.97504
  0.95917
  0.96274
  0.97448
  0.97366
  0.97873
  0.92796
  0.96157
  0.98620
  0.93033
  0.96728
  0.96390
  0.91921
  0.96984
  0.98607
  0.97128
  0.95232
  0.98445
  0.96796
  0.95146
  0.96790
  0.94859
  0.95246
  0.97278
  0.99224
  0.97234
  0.97049
  0.99101
  0.98127
  0.95213
  0.95761
  0.98168
  0.97832
  0.96007
  0.99312
  0.99134
  0.96736
  0.97471
  0.96590
  0.98575
  0.94760
  0.98388
  0.98880
  0.96321
  0.96428
  0.97817
  0.96619
  0.97038
  0.97439
  0.98009
  0.94278
  0.98479
  0.98156
  0.98680
  0.98222
  0.97367
  0.95826
  0.95934
  0.97155
  0.98107
  0.97914
  0.98968
  0.97865
  0.95999
  0.97562
  0.98614
  0.98182
  0.97355
  0.98894
  0.99023
  0.98955
  0.98364
  0.93370
  0.96019
  0.96410
  0.98980
  0.96091
  0.98743
  0.97928
  0.95673
  0.96606
  0.98971
  0.98914
  0.99097
  0.96407
  0.98356
  0.96278
  0.98573
  0.98338
  0.96450
  0.98866
  0.95416
  0.99263
  0.96934
  0.94469
  0.95813
  0.92717
  0.99174
  0.96424
  0.98332
  0.97056
  0.95150
  0.94511
  0.97469
  0.97823
  0.93215
  0.96573
  0.99036
  0.95401
  0.99775
  0.95419
  0.98730
  0.98461
  0.95266
  0.98278
  0.98562
  0.97581
  0.90705
  0.99009
  0.99323
  0.99525
  0.99478
  0.97374
  0.98389
  0.96456
  0.95518
  0.96171
  0.97927
  0.94728
  0.91624
  0.95810
  0.93805
  0.99687
  0.97289
  0.97040
  0.93275
  0.92286
  0.96744
  0.98533
  0.97992
  0.99532
  0.95575
  0.98561
  0.97646
  0.98626
  0.98105
  0.94561
  0.96482
  0.98917
  0.98999
  0.98428
  0.98355
  0.98385
  0.97658
  0.97632
  0.98687
  0.97703
  0.99278
  0.96718
  0.98308
  0.97386
  0.98587
  0.96903
  0.98055
  0.96123
  0.98074
  0.97322
  0.96250
  0.92812
  0.96870
  0.91667
  0.98806
  0.99175
  0.95192
  0.97127
  0.99548
  0.96441
  0.97211
  0.99184
  0.98268
  0.97296
  0.94104
  0.97188
  0.97306
  0.98013
  0.99003
  0.94401
  0.95752
  0.97672
  0.97344
  0.96675
  0.96799
  0.97933
  0.96184
  0.97126
  0.99280
  0.99206
  0.98007
  0.99783
  0.97433
  0.98006
  0.99064
  0.98141
  0.99372
  0.97091
  0.96339
  0.97805
  0.99467
  0.99442
  0.97164
  0.97936
  0.97256
  0.96527
  0.96096
  0.99033
  0.98009
  0.94833
  0.96534
  0.99145
  0.97250
  0.95142
  0.96784
  0.97600
  0.98434
  0.97635
  0.92355
  0.97906
  0.93313
  0.97280
  0.97215
  0.98555
  0.98214
  0.98920
  0.98637
  0.98453
  0.97874
  0.97326
  0.96206
  0.97500
  0.98988
  0.97823
  0.97457
  0.95501
  0.98091
  0.94017
  0.96184
  0.98671
  0.96674
  0.98550
  0.98288
  0.97668
  0.93853
  0.95937
  0.98115
  0.99472
  0.96025
  0.97041
  0.98969
  0.97531
  0.93528
  0.92304
  0.92151
  0.98777
  0.99445
  0.96974
  0.99309
  0.96565
  0.97115
  0.94704
  0.99355
  0.98683
  0.97963
  0.99376
  0.93672
  0.98077
  0.98637
  0.97797
  0.94716
  0.99436
  0.99294
  0.95486
  0.99269
  0.98176
  0.98006
  0.96586
  0.99795
  0.98252
  0.92828
  0.97944
  0.94197
  0.92579
  0.97972
  0.98072
  0.96381
  0.96808
  0.98350
  0.98168
  0.98279
  0.96391
  0.96436
  0.98270
  0.98812
  0.98110
  0.97768
  0.94687
  0.98444
  0.91508
  0.96546
  0.97190
  0.99504
  0.96554
  0.99621
  0.97251
  0.99496
  0.98171
  0.97098
  0.97066
  0.96671
  0.98692
  0.92777
  0.95370
  0.97802
  0.99168
  0.93915
  0.97660
  0.97412
  0.98459
  0.98463
  0.98139
  0.97347
  0.97822
  0.98599
  0.99662
  0.99357
  0.99328
  0.98075
  0.99152
  0.97246
  0.99619
  0.95797
  0.96425
  0.97200
  0.97273
  0.96414
  0.96593
  0.97952
  0.96089
  0.98469
  0.99003
  0.95738
  0.98469
  0.97363
  0.98248
  0.97597
  0.97341
  0.97546
  0.99343
  0.96055
  0.95100
  0.95778
  0.97878
  0.99263
  0.99210
  0.95676
  0.98651
  0.98388
  0.94445
  0.94911
  0.98943
  0.98823
  0.99360
  0.97671
  0.96686
  0.98267
  0.95202
  0.93727
  0.98761
  0.99031
  0.97685
  0.98907
  0.97570
  0.98707
  0.96617
  0.98748
  0.95194
  0.98753
  0.91127
  0.97013
  0.96472
  0.98934
  0.96595
  0.98905
  0.98736
  0.98829
  0.98681
  0.97270
  0.97223
  0.98325
  0.93988
  0.96907
  0.97545
  0.98400
  0.93780
  0.97810
  0.98705
  0.99084
  0.98040
  0.96651
  0.99376
  0.98885
  0.99014
  0.95579
  0.97682
  0.97137
  0.95986
  0.94923
  0.97710
  0.95732
  0.98769
  0.95766
  0.94600
  0.96442
  0.92384
  0.97436
  0.98524
  0.94870
  0.99227
  0.96564
  0.96500
  0.98384
  0.99259
  0.97155
  0.97440
  0.95815
  0.97867
  0.97965
  0.92567
  0.98353
  0.95343
  0.93177
  0.98531
  0.99544
  0.96805
  0.95055
  0.93781
  0.99205
  0.96535
  0.99281
  0.98062
  0.98864
  0.93564
  0.94711
  0.97311
  0.98114
  0.95401
  0.98907
  0.97329
  0.94682
  0.93726
  0.96749
  0.94344
  0.98709
  0.98869
  0.98802
  0.94788
  0.96579
  0.99623
  0.97427
  0.97162
  0.98205
  0.96380
  0.99252
  0.98184
  0.99354
  0.99281
  0.98055
  0.98950
  0.98627
  0.97674
  0.97913
  0.98929
  0.99160
  0.97594
  0.98980
  0.98530
  0.96661
  0.98809
  0.97338
  0.96747
  0.95265
  0.93957
  0.96926
  0.98406
  0.94277
  0.99367
  0.98133
  0.95768
  0.96212
  0.93514
  0.98462
  0.95141
  0.94078
  0.93034
  0.97090
  0.99264
  0.98695
  0.97721
  0.97386
  0.97186
  0.98998
  0.94227
  0.97257
  0.96931
  0.98626
  0.98564
  0.95973
  0.97194
  0.95905
  0.97643
  0.99120
  0.99148
  0.98027
  0.94884
  0.96965
  0.97914
  0.94759
  0.96608
  0.99235
  0.96602
  0.96682
  0.92475
  0.99088
  0.99622
  0.97269
  0.98655
  0.99188
  0.98030
  0.94206
  0.98061
  0.96784
  0.95946
  0.99481
  0.96825
  0.96914
  0.95929
  0.98563
  0.97554
  0.96579
  0.93279
  0.97801
  0.94855
  0.96516
  0.93445
  0.98776
  0.91321
  0.98566
  0.99240
  0.99398
  0.94988
  0.95294
  0.93706
  0.97776
  0.91095
  0.99382
  0.96614
  0.99108
  0.97896
  0.98993
  0.96937
  0.93814
  0.97433
  0.96691
  0.96084
  0.97389
  0.98556
  0.98028
  0.97947
  0.99364
  0.98369
  0.99312
  0.99095
  0.99489
  0.95618
  0.96021
  0.99314
  0.94095
  0.98976
  0.99311
  0.96146
  0.93220
  0.99035
  0.97563
  0.95478
  0.96397
  0.98846
  0.99062
  0.97953
  0.96552
  0.90139
  0.94310
  0.97871
  0.94726
  0.94889
  0.96157
  0.97417
  0.96807
  0.93911
  0.98289
  0.94300
  0.97613
  0.98298
  0.98256
  0.97575
  0.96314
  0.95088
  0.95524
  0.97958
  0.96619
  0.97255
  0.97157
  0.97509
  0.91423
  0.97329
  0.99152
  0.97428
  0.98920
  0.93103
  0.96873
  0.96378
  0.98310
  0.97769
  0.98691
  0.95726
  0.98927
  0.96986
  0.99560
  0.97720
  0.98537
  0.97233
  0.91709
  0.99528
  0.95065
  0.97856
  0.95431
  0.95657
  0.95613
  0.97590
  0.98243
  0.95307
  0.97213
  0.98212
  0.98891
  0.99568
  0.97298
  0.99024
  0.98321
  0.99190
  0.95079
  0.96189
  0.97819
  0.96648
  0.97742
  0.95008
  0.94233
  0.97332
  0.99100
  0.99542
  0.98192
  0.99019
  0.92798
  0.98796
  0.98783
  0.97067
  0.99443
  0.97821
  0.94734
  0.96769
  0.97927
  0.97912
  0.98844
  0.91560
  0.99147
  0.96506
  0.95744
  0.95556
  0.98763
  0.98349
  0.94126
  0.96068
  0.98658
  0.99346
  0.97195
  0.97713
  0.94887
  0.99474
  0.98737
  0.92785
  0.95905
  0.98081
  0.95315
  0.94532
  0.96458
  0.96630
  0.99483
  0.94946
  0.97063
  0.98460
  0.99321
  0.97797
  0.99234
  0.96282
  0.98339
  0.96872
  0.95140
  0.93394
  0.97810
  0.98110
  0.94184
  0.99223
  0.98862
  0.94996
  0.97053
  0.93038
  0.96882
  0.94173
  0.91873
  0.97307
  0.97808
  0.97759
  0.96473
  0.99045
  0.97875
  0.97545
  0.97340
  0.98778
  0.93977
  0.98183
  0.96085
  0.99672
  0.99417
  0.96274
  0.98829
  0.98448
  0.96304
  0.99193
  0.98621
  0.98130
  0.98962
  0.99331
  0.93758
  0.97525
  0.95735
  0.99014
  0.99359
  0.99759
  0.98972
  0.98897
  0.98373
  0.97543
  0.94988
  0.96852
  0.96522
  0.98054
  0.95382
  0.99300
  0.97355
  0.99425
  0.97235
  0.94619
  0.98981
  0.99591
  0.96269
  0.95325
  0.95667
  0.98237
  0.97142
  0.98231
  0.95056
  0.91509
  0.97312
  0.98534
  0.97606
  0.97006
  0.97240
  0.95842
  0.98120
  0.98683
  0.98607
  0.91025
  0.98480
  0.98640
  0.97745
  0.97969
  0.95116
  0.95805
  0.99473
  0.98785
  0.97317
  0.97227
  0.94322
  0.97309
  0.99384
  0.96790
  0.96968
  0.96800
  0.95303
  0.96842
  0.93955
  0.96545
  0.98068
  0.96453
  0.98166
  0.95757
  0.98406
  0.98088
  0.97923
  0.98043
  0.99261
  0.99285
  0.98660
  0.98324
  0.99769
  0.99416
  0.98520
  0.96425
  0.97577
  0.95321
  0.97457
  0.97775
  0.94713
  0.97242
  0.98346
  0.99569
  0.97020
  0.97972
  0.97318
  0.95929
  0.96404
  0.96247
  0.98691
  0.96177
  0.97590
  0.97351
  0.97543
  0.99571
  0.94992
  0.99423
  0.99399
  0.99265
  0.97729
  0.98768
  0.92270
  0.98715
  0.96480
  0.96481
  0.96478
  0.99322
  0.95425
  0.97665
  0.95568
  0.92994
  0.98090
  0.97409
  0.98479
  0.97573
  0.98520
  0.95136
  0.96110
  0.99082
  0.98698
  0.96234
  0.99101
  0.98192
  0.97998
  0.95766
  0.95781
  0.99070
  0.96452
  0.95755
  0.99125
  0.98789
  0.98656
  0.98391
  0.96666
  0.95066
  0.96448
  0.97214
  0.97416
  0.99577
  0.97032
  0.97247
  0.97793
  0.98491
  0.97814
  0.96024
  0.99352
  0.97523
  0.99142
  0.95710
  0.96251
  0.94933
  0.95313
  0.97623
