ClNumber             Nds         Clheight   IDs
0001    2   0.061 45 47
0002    2   0.062 25 33
0003    3   0.071 25 31 33
0004    2   0.076 36 38
0005    2   0.094 8 12
0006    4   0.099 25 31 33 35
0007    2   0.101 40 42
0008    3   0.103 8 10 12
0009    2   0.108 52 74
0010    2   0.116 16 18
0011    4   0.117 3 8 10 12
0012    5   0.121 25 28 31 33 35
0013    2   0.122 48 51
0014    2   0.124 4 39
0015    2   0.129 1 30
0016    2   0.135 61 71
0017    4   0.136 4 39 45 47
0018    2   0.137 75 76
0019    3   0.138 1 24 30
0020    5   0.143 3 8 10 12 43
0021    2   0.147 5 7
0022    4   0.149 52 74 75 76
0023    4   0.152 1 6 24 30
0024    2   0.154 73 81
0025    6   0.158 25 28 31 33 35 41
0026    3   0.164 23 40 42
0027    2   0.166 67 72
0028    2   0.171 14 26
0029    3   0.174 61 65 71
0030    3   0.180 73 80 81
0031    2   0.180 58 66
0032    7   0.181 4 23 39 40 42 45 47
0033    8   0.185 14 25 26 28 31 33 35 41
0034    5   0.193 61 65 67 71 72
0035    2   0.201 29 34
0036    2   0.202 57 64
0037    7   0.211 52 73 74 75 76 80 81
0038   15   0.212 4 14 23 25 26 28 31 33 35 39 40 41 42 45 47
0039    6   0.212 60 61 65 67 71 72
0040    9   0.213 1 3 6 8 10 12 24 30 43
0041    2   0.218 21 37
0042    3   0.226 58 66 83
0043    7   0.232 56 60 61 65 67 71 72
0044    9   0.240 52 57 64 73 74 75 76 80 81
0045   11   0.243 1 3 5 6 7 8 10 12 24 30 43
0046    9   0.247 48 51 56 60 61 65 67 71 72
0047    2   0.254 50 53
0048    4   0.254 16 18 21 37
0049    2   0.257 54 79
0050   17   0.258 4 14 23 25 26 28 31 33 35 36 38 39 40 41 42 45 47
0051   12   0.268 48 51 56 58 60 61 65 66 67 71 72 83
0052    3   0.286 9 29 34
0053    3   0.294 54 59 79
0054   12   0.300 1 2 3 5 6 7 8 10 12 24 30 43
0055    4   0.306 9 27 29 34
0056   21   0.312 4 14 16 18 21 23 25 26 28 31 33 35 36 37 38 39 40 41 42 45 47
0057   13   0.327 48 49 51 56 58 60 61 65 66 67 71 72 83
0058   11   0.330 50 52 53 57 64 73 74 75 76 80 81
0059    2   0.350 19 46
0060    2   0.364 55 77
0061   16   0.380 48 49 51 54 56 58 59 60 61 65 66 67 71 72 79 83
0062   12   0.382 50 52 53 57 64 73 74 75 76 78 80 81
0063   33   0.404 1 2 3 4 5 6 7 8 10 12 14 16 18 21 23 24 25 26 28 30 31 33 35 36 37 38 39 40 41 42 43 45 47
0064    2   0.412 44 68
0065   37   0.425 1 2 3 4 5 6 7 8 9 10 12 14 16 18 21 23 24 25 26 27 28 29 30 31 33 34 35 36 37 38 39 40 41 42 43 45 47
0066    3   0.441 17 19 46
0067   28   0.448 48 49 50 51 52 53 54 56 57 58 59 60 61 64 65 66 67 71 72 73 74 75 76 78 79 80 81 83
0068    4   0.455 13 17 19 46
0069   39   0.495 1 2 3 4 5 6 7 8 9 10 12 14 16 18 21 23 24 25 26 27 28 29 30 31 33 34 35 36 37 38 39 40 41 42 43 44 45 47 68
0070   30   0.508 48 49 50 51 52 53 54 55 56 57 58 59 60 61 64 65 66 67 71 72 73 74 75 76 77 78 79 80 81 83
0071   43   0.520 1 2 3 4 5 6 7 8 9 10 12 13 14 16 17 18 19 21 23 24 25 26 27 28 29 30 31 33 34 35 36 37 38 39 40 41 42 43 44 45 46 47 68
0072   31   0.594 48 49 50 51 52 53 54 55 56 57 58 59 60 61 64 65 66 67 69 71 72 73 74 75 76 77 78 79 80 81 83
0073    2   0.600 32 63
0074    3   0.637 32 63 82
0075    2   0.710 11 15
0076   46   0.757 1 2 3 4 5 6 7 8 9 10 12 13 14 16 17 18 19 21 23 24 25 26 27 28 29 30 31 32 33 34 35 36 37 38 39 40 41 42 43 44 45 46 47 63 68 82
0077    2   0.764 20 62
0078    3   0.842 11 15 22
0079    3   0.857 20 62 70
0080    6   0.959 11 15 20 22 62 70
0081   77   1.041 1 2 3 4 5 6 7 8 9 10 12 13 14 16 17 18 19 21 23 24 25 26 27 28 29 30 31 32 33 34 35 36 37 38 39 40 41 42 43 44 45 46 47 48 49 50 51 52 53 54 55 56 57 58 59 60 61 63 64 65 66 67 68 69 71 72 73 74 75 76 77 78 79 80 81 82 83
0082   83   1.291 1 2 3 4 5 6 7 8 9 10 11 12 13 14 15 16 17 18 19 20 21 22 23 24 25 26 27 28 29 30 31 32 33 34 35 36 37 38 39 40 41 42 43 44 45 46 47 48 49 50 51 52 53 54 55 56 57 58 59 60 61 62 63 64 65 66 67 68 69 70 71 72 73 74 75 76 77 78 79 80 81 82 83
