cc_threshold: 0.916
ndata      mean       std        median     alpha      loc        scale     
       866 0.9702 0.0207 0.9769 -2.2466 1.0135 0.0402
       421 0.9668 0.0172 0.9709 2.4719 0.9545 0.0441
      1150 0.9576 0.0173 0.9617 2.7370 0.9395 0.0562

cc_threshold: 0.8
ndata      mean       std        median     alpha      loc        scale     
       903 0.9674 0.0244 0.9756 -19.2150 0.9954 0.0301
       465 0.9594 0.0288 0.9685 -7.4797 0.9878 0.0224
      1612 0.9314 0.0472 0.9500 -11.3036 0.9803 0.0298

cc_threshold: 0.0
ndata      mean       std        median     alpha      loc        scale     
       903 0.9674 0.0244 0.9756 -19.2150 0.9954 0.0301
       465 0.9594 0.0288 0.9685 -7.4797 0.9878 0.0224
      2035 0.8820 0.1090 0.9324 -7.2450 0.9779 0.0150

cc_threshold: 0.2
ndata      mean       std        median     alpha      loc        scale     
       903 0.9674 0.0244 0.9756 -19.2150 0.9954 0.0301
       465 0.9594 0.0288 0.9685 -7.4797 0.9878 0.0224
      2035 0.8820 0.1090 0.9324 -7.2450 0.9779 0.0150
