  0.98328
  0.98988
  0.99228
  0.96920
  0.99003
  0.98542
  0.97686
  0.98525
  0.97903
  0.99344
  0.98725
  0.98618
  0.96794
  0.97855
  0.97871
  0.99559
  0.99445
  0.97985
  0.98984
  0.98484
  0.99570
  0.99087
  0.98444
  0.99274
  0.98427
  0.98569
  0.99493
  0.97641
  0.98425
  0.98922
  0.98327
  0.98046
  0.97091
  0.99249
  0.99120
  0.98726
  0.96871
  0.98382
  0.98177
  0.98796
  0.97074
  0.98167
  0.99220
  0.98699
  0.97719
  0.99219
  0.98121
  0.96950
  0.99045
  0.98534
  0.99120
  0.98424
  0.99136
  0.99466
  0.99122
  0.99131
  0.98896
  0.98464
  0.98296
  0.98831
  0.97518
  0.98992
  0.97762
  0.99116
  0.99294
  0.97672
  0.98929
  0.98302
  0.97730
  0.99239
  0.98467
  0.99107
  0.98147
  0.99500
  0.99073
  0.99266
  0.98566
  0.98397
  0.99297
  0.98226
  0.98795
  0.98048
  0.98567
  0.98892
  0.98882
  0.98850
  0.99097
  0.98606
  0.97827
  0.98669
  0.97863
  0.99197
  0.97594
  0.98654
  0.98319
  0.97114
  0.98706
  0.99388
  0.98648
  0.96665
  0.99242
  0.98855
  0.98579
  0.98015
  0.98871
  0.99143
  0.97871
  0.99305
  0.99108
  0.96207
  0.98673
  0.99170
  0.99087
  0.96883
  0.99216
  0.99112
  0.99454
  0.98212
  0.97209
  0.97229
  0.99318
  0.98809
  0.98548
  0.98702
  0.98745
  0.99266
  0.99360
  0.98896
  0.97888
  0.99442
  0.96924
  0.98440
  0.98286
  0.97809
  0.98929
  0.99194
  0.99226
  0.98163
  0.97769
  0.99544
  0.96408
  0.98146
  0.98403
  0.99279
  0.99258
  0.98522
  0.99182
  0.98617
  0.99315
  0.98336
  0.99161
  0.98727
  0.98649
  0.97666
  0.98859
  0.98531
  0.98675
  0.97794
  0.98330
  0.99376
  0.98870
  0.99150
  0.99405
  0.99161
  0.97273
  0.96428
  0.98630
  0.99091
  0.99150
  0.98992
  0.98926
  0.97603
  0.97796
  0.99046
  0.98374
  0.99566
  0.97770
  0.98761
  0.98374
  0.98792
  0.99448
  0.98710
  0.98488
  0.98949
  0.97695
  0.97360
  0.97752
  0.98769
  0.99656
  0.97595
  0.99534
  0.98887
  0.98948
  0.99577
  0.99326
  0.97931
  0.98539
  0.97387
  0.99029
  0.97910
  0.99531
  0.99167
  0.98622
  0.97715
  0.99301
  0.99530
  0.97982
  0.97718
  0.98280
  0.98227
  0.97329
  0.99250
  0.98848
  0.97735
  0.98574
  0.98856
  0.98286
  0.99363
  0.99233
  0.97847
  0.97933
  0.99149
  0.97371
  0.99437
  0.97862
  0.99439
  0.99279
  0.98100
  0.98010
  0.97377
  0.99003
  0.97304
  0.98580
  0.99392
  0.98569
  0.99166
  0.98729
  0.98946
  0.97815
  0.96948
  0.98810
  0.98947
  0.99266
  0.98811
  0.99514
  0.98394
  0.98331
  0.99062
  0.99259
  0.99033
  0.98212
  0.97811
  0.98593
  0.98802
  0.98843
  0.97997
  0.96901
  0.98632
  0.99290
  0.98742
  0.98639
  0.98168
  0.98746
  0.98782
  0.97253
  0.99129
  0.98367
  0.98939
  0.99334
  0.98985
  0.98887
  0.98731
  0.98628
  0.97342
  0.99288
  0.99508
  0.98020
  0.99045
  0.98747
  0.99084
  0.99119
  0.98687
  0.98631
  0.99476
  0.99034
  0.98963
  0.98765
  0.98396
  0.97543
  0.97567
  0.99402
  0.99140
  0.99062
  0.98794
  0.99502
  0.99228
  0.98511
  0.99410
  0.97786
  0.96752
  0.98940
  0.99331
  0.97545
  0.98176
  0.98248
  0.97097
  0.98466
  0.97262
  0.98156
  0.98677
  0.97262
  0.97947
  0.99393
  0.97703
  0.98039
  0.99323
  0.99353
  0.99496
  0.96864
  0.95429
  0.99300
  0.99387
  0.98457
  0.99192
  0.99239
  0.98552
  0.98537
  0.99430
  0.97253
  0.97909
  0.98263
  0.99224
  0.97913
  0.98788
  0.99531
  0.98227
  0.97601
  0.96438
  0.99202
  0.98335
  0.98424
  0.98889
  0.97702
  0.97979
  0.99031
  0.97922
  0.98808
  0.97512
  0.98517
  0.98562
  0.98374
  0.99015
  0.99226
  0.99312
  0.98483
  0.98725
  0.98217
  0.98778
  0.99420
  0.97666
  0.98879
  0.99303
  0.98864
  0.98300
  0.99018
  0.99288
  0.98929
  0.97540
  0.99400
  0.98536
  0.98671
  0.99094
  0.98239
  0.99444
  0.98572
  0.99122
  0.99207
  0.98481
  0.99460
  0.97524
  0.99434
  0.99482
  0.98081
  0.97778
  0.97770
  0.96858
  0.98174
  0.98405
  0.98579
  0.98901
  0.98869
  0.99436
  0.97800
  0.97903
  0.98349
  0.98021
  0.98350
  0.98096
  0.98949
  0.98771
  0.96401
  0.98991
  0.98293
  0.97796
  0.98840
  0.98363
  0.99336
  0.99050
  0.99573
  0.97829
  0.99236
  0.99489
  0.97407
  0.98162
  0.98632
  0.99177
  0.98525
  0.98664
  0.99207
  0.98785
  0.99477
  0.99303
  0.96348
  0.98179
  0.99326
  0.99396
  0.98828
  0.97759
  0.96937
  0.99576
  0.97464
  0.98371
  0.97020
  0.98313
  0.97626
  0.99290
  0.97961
  0.98953
  0.98749
  0.98249
  0.99224
  0.97124
  0.98314
  0.98353
  0.99059
  0.97483
  0.97805
  0.99539
  0.98438
  0.99408
  0.98250
  0.98451
  0.97682
  0.98673
  0.97357
  0.98875
  0.98079
  0.98935
  0.99013
  0.99026
  0.99444
  0.98142
  0.98647
  0.98202
  0.99122
  0.99230
  0.97744
  0.97618
  0.99399
  0.98508
  0.99610
  0.99238
  0.98223
  0.99084
  0.99041
  0.99286
  0.99314
  0.99012
  0.98804
  0.99639
  0.98032
  0.98371
  0.98632
  0.98533
  0.99066
  0.98896
  0.97096
  0.99084
  0.98747
  0.99329
  0.97803
  0.98987
  0.96808
  0.99013
  0.98518
  0.99062
  0.99234
  0.97999
  0.98547
  0.97389
  0.99506
  0.99582
  0.97572
  0.97592
  0.97551
  0.98073
  0.99461
  0.99531
  0.96397
  0.98972
  0.98529
  0.96521
  0.98996
  0.99106
  0.98358
  0.97881
  0.97256
  0.98097
  0.98526
  0.99026
  0.97983
  0.99021
  0.99392
  0.98722
  0.98337
  0.99447
  0.98899
  0.99164
  0.99275
  0.98967
  0.98440
  0.98554
  0.99315
  0.99058
  0.99134
  0.99496
  0.98951
  0.97610
  0.98744
  0.98590
  0.96744
  0.98354
  0.98522
  0.98184
  0.99205
  0.99038
  0.97955
  0.98435
  0.99682
  0.99239
  0.98742
  0.99346
  0.98422
  0.98079
  0.98902
  0.99023
  0.98267
  0.97614
  0.99187
  0.98459
  0.98532
  0.99185
  0.97621
  0.99536
  0.97393
  0.99137
  0.99233
  0.99431
  0.99393
  0.98720
  0.98913
  0.97857
  0.98717
  0.99321
  0.99062
  0.99335
  0.99295
  0.99216
  0.99095
  0.97541
  0.99105
  0.96728
  0.99082
  0.98628
  0.99110
  0.98979
  0.99143
  0.97307
  0.98259
  0.98171
  0.98721
  0.99526
  0.97463
  0.98968
  0.99184
  0.98280
  0.98331
  0.96610
  0.98665
  0.99213
  0.94918
  0.97537
  0.99109
  0.99523
  0.98792
  0.98253
  0.97992
  0.98799
  0.96397
  0.98250
  0.98951
  0.99111
  0.99283
  0.99185
  0.99326
  0.99165
  0.96713
  0.98196
  0.99095
  0.99089
  0.97798
  0.98465
  0.96553
  0.98278
  0.99331
  0.97683
  0.98075
  0.97510
  0.98518
  0.99314
  0.99586
  0.97666
  0.97867
  0.98274
  0.98933
  0.98712
  0.99252
  0.99661
  0.98902
  0.99049
  0.97189
  0.97511
  0.97486
  0.98972
  0.99195
  0.97636
  0.98246
  0.98634
  0.97906
  0.98753
  0.98455
  0.99669
  0.98846
  0.98724
  0.99010
  0.98190
  0.99197
  0.99374
  0.97753
  0.99331
  0.98146
  0.99212
  0.99150
  0.99548
  0.99340
  0.98392
  0.98751
  0.97367
  0.98992
  0.99289
  0.98681
  0.99093
  0.98614
  0.98841
  0.98684
  0.98554
  0.97987
  0.98587
  0.98659
  0.97360
  0.99174
  0.98716
  0.97963
  0.97736
  0.99242
  0.98807
  0.97912
  0.96399
  0.98477
  0.98330
  0.99097
  0.99507
  0.97612
  0.98569
  0.99177
  0.98112
  0.97593
  0.98676
  0.99529
  0.99472
  0.98400
  0.99274
  0.99054
  0.97691
  0.98030
  0.98515
  0.99421
  0.98883
  0.96215
  0.97232
  0.98362
  0.98583
  0.98539
  0.98253
  0.97888
  0.99383
  0.98322
  0.97764
  0.98787
  0.98463
  0.97446
  0.99412
  0.99257
  0.99297
  0.98990
  0.98977
  0.99054
  0.97574
  0.99380
  0.98570
  0.99015
  0.98825
  0.97236
  0.99071
  0.99256
  0.99205
  0.99390
  0.98537
  0.99284
  0.98412
  0.99107
  0.98839
  0.98713
  0.99102
  0.98075
  0.99481
  0.99376
  0.98183
  0.99378
  0.98942
  0.98332
  0.98540
  0.99025
  0.98799
  0.97983
  0.99404
  0.97607
  0.98681
  0.98701
  0.97567
  0.99490
  0.98527
  0.97107
  0.99195
  0.99525
  0.98670
  0.99266
  0.97147
  0.98463
  0.99387
  0.99477
  0.98647
  0.99246
  0.98432
  0.99601
  0.98610
  0.99121
  0.98993
  0.96447
  0.99581
  0.97812
  0.99430
  0.98884
  0.98422
  0.98424
  0.97449
  0.99352
  0.96646
  0.98231
  0.97756
  0.97207
  0.97429
  0.99037
  0.97949
  0.99290
  0.97700
  0.99211
  0.99447
  0.98950
  0.99266
  0.99274
  0.97397
  0.97259
  0.96942
  0.99248
  0.98033
  0.98196
  0.98840
  0.99084
  0.98949
  0.98774
  0.99390
  0.99289
  0.97561
  0.98814
  0.98332
  0.99017
  0.98811
  0.98037
  0.98963
  0.98151
  0.97888
  0.99059
  0.97012
  0.99558
  0.99284
  0.98168
  0.98662
  0.98932
  0.98528
  0.98539
  0.98761
  0.99117
  0.98592
  0.99191
  0.99314
  0.98687
  0.98484
  0.99449
  0.98470
  0.99081
  0.98181
  0.99134
  0.99662
  0.99262
  0.99175
  0.98183
  0.98333
  0.98537
  0.98919
  0.97747
  0.99043
  0.98862
  0.98263
  0.97817
  0.98533
  0.98909
  0.98451
  0.98890
  0.99180
  0.98993
  0.99061
  0.96923
  0.97630
  0.99593
  0.99297
  0.98582
  0.99103
  0.99377
  0.98005
  0.98264
  0.97742
  0.99139
  0.98293
  0.97828
  0.97243
  0.99094
  0.99451
  0.97506
  0.99130
  0.98202
  0.99430
  0.99335
  0.96134
  0.98125
  0.98234
  0.98907
  0.97838
  0.99247
  0.98930
  0.99333
  0.98628
  0.99352
  0.98104
  0.99531
  0.98432
  0.98604
  0.98041
  0.98620
  0.98144
  0.97433
  0.98847
  0.98387
  0.98706
  0.97962
  0.98759
  0.98571
  0.98703
  0.99379
  0.99391
  0.99072
  0.99139
  0.98548
  0.97559
  0.97424
  0.99673
  0.97641
  0.99199
  0.98343
  0.97939
  0.97597
  0.98477
  0.98843
  0.98161
  0.99358
  0.98170
  0.98745
  0.97424
  0.99176
  0.99001
  0.99633
  0.99173
  0.97552
  0.98620
  0.97990
  0.98909
  0.99154
  0.99209
  0.97760
  0.98566
  0.97706
  0.97610
  0.98713
  0.99146
  0.99116
  0.97116
  0.98883
  0.98659
  0.98281
  0.98272
  0.99197
  0.98212
  0.99138
  0.98447
  0.96816
  0.99576
  0.98921
  0.98922
  0.97295
  0.98250
  0.99500
  0.97529
  0.99515
  0.97752
  0.99193
  0.97767
  0.98550
  0.99095
  0.97757
  0.99269
  0.95799
  0.96394
  0.99603
  0.99089
  0.99605
  0.99244
  0.97722
  0.98663
  0.96270
  0.97773
  0.98156
  0.96849
  0.99154
  0.98998
  0.98743
  0.98385
  0.99227
  0.97458
  0.99347
  0.98720
  0.98975
  0.99275
  0.98550
  0.98552
  0.98237
  0.98738
  0.99521
  0.98950
  0.99248
  0.99467
  0.98166
  0.98124
  0.99167
  0.97278
  0.99438
  0.99362
  0.97086
  0.98388
  0.98347
  0.98799
  0.99272
  0.99072
  0.99280
  0.98409
  0.99086
  0.99492
  0.98020
  0.98306
  0.99291
  0.98186
  0.98889
  0.98212
  0.99294
  0.99150
  0.99450
  0.98125
  0.99202
  0.97747
  0.99226
  0.98948
  0.98476
  0.97714
  0.98965
  0.98879
  0.97012
  0.98833
  0.99045
  0.98676
  0.98301
  0.99220
  0.99528
  0.97638
  0.99243
  0.98608
  0.98535
  0.96816
  0.99085
  0.97984
  0.97187
  0.97807
  0.99020
  0.99497
  0.99551
  0.99151
  0.96945
  0.99194
  0.98154
  0.99085
  0.97329
  0.99160
  0.98203
  0.99509
  0.97940
  0.97600
  0.98130
  0.98437
  0.99370
  0.98835
  0.99259
  0.98191
  0.97801
  0.99202
  0.98470
  0.99182
  0.98057
  0.99372
  0.98473
  0.99366
  0.98725
  0.98660
  0.97933
  0.98970
  0.99371
  0.98290
  0.97445
  0.98606
  0.99256
  0.99262
  0.98547
  0.99021
  0.98540
  0.99461
  0.98766
  0.98782
  0.98216
  0.99259
  0.99516
  0.99415
  0.98497
  0.98376
  0.96890
  0.99209
  0.97797
  0.98871
  0.96740
  0.98588
  0.99147
  0.99124
  0.99332
  0.98227
  0.98704
  0.98731
  0.98806
  0.97883
  0.97973
  0.99568
  0.99494
  0.98784
  0.98533
  0.98999
  0.98872
  0.98609
  0.97514
  0.98855
  0.99497
  0.97230
  0.99040
  0.99253
  0.99269
  0.99090
  0.96772
  0.99519
  0.96776
  0.97181
  0.97711
  0.99131
  0.98325
  0.98509
  0.98986
  0.99084
  0.97856
  0.99559
  0.99068
  0.98669
  0.99414
  0.98995
  0.97886
  0.98607
  0.99307
  0.98423
  0.98424
  0.99272
  0.96616
  0.99590
  0.97666
  0.97039
  0.98616
  0.98601
  0.99588
  0.97708
  0.98810
  0.99284
  0.99192
  0.99201
  0.95831
  0.99614
  0.98337
  0.98799
  0.99048
  0.97864
  0.98931
  0.98773
  0.97022
  0.97891
  0.98646
  0.99470
  0.98709
  0.99206
  0.99258
  0.96422
  0.98864
  0.98803
  0.99188
  0.99186
  0.99340
  0.98481
  0.97664
  0.98148
  0.98581
  0.98052
  0.98099
  0.98617
  0.98734
  0.96939
  0.98647
  0.99131
  0.99173
  0.99239
  0.99205
  0.98241
  0.99022
  0.99234
  0.99546
  0.99404
  0.97583
  0.97767
  0.99161
  0.99013
  0.99297
  0.96288
  0.99178
  0.98323
  0.98788
  0.98850
  0.97990
  0.94930
  0.98725
  0.98541
  0.99202
  0.99327
  0.99228
  0.99021
  0.99338
  0.98631
  0.96937
  0.99446
  0.98260
  0.99248
  0.98653
  0.98370
  0.98645
  0.99131
  0.99533
  0.98743
  0.98478
  0.96629
  0.97612
  0.97700
  0.97894
  0.97949
  0.99237
  0.97639
  0.97997
  0.99506
  0.99278
  0.99070
  0.97506
  0.97448
  0.97553
  0.98562
  0.98866
  0.98643
  0.98870
  0.98076
  0.97545
  0.98409
  0.98663
  0.98819
  0.97800
  0.99454
  0.99624
  0.97622
  0.98642
  0.98960
  0.97954
  0.99078
  0.99189
  0.98084
  0.99105
  0.98987
  0.98339
  0.97770
  0.98202
  0.99085
  0.99176
  0.98589
  0.99142
  0.98359
  0.97711
  0.99393
  0.98871
  0.98304
  0.97462
  0.98900
  0.97346
  0.99145
  0.98774
  0.99268
  0.99407
  0.99312
  0.98731
  0.98290
  0.97117
  0.99239
  0.98551
  0.98576
  0.98043
  0.97571
  0.99244
  0.98134
  0.99018
  0.97570
  0.98157
  0.99406
  0.98918
  0.98014
  0.99152
  0.98994
  0.99306
  0.98551
  0.98162
  0.99157
  0.98770
  0.98600
  0.98391
  0.99177
  0.98104
  0.98832
  0.98316
  0.99108
  0.98891
  0.97691
  0.99102
  0.98170
  0.98483
  0.99039
  0.98321
  0.98334
  0.98786
  0.97290
  0.98268
  0.95941
  0.97189
  0.98773
  0.98440
  0.99360
  0.97253
  0.98757
  0.99340
  0.99464
  0.98909
  0.99392
  0.97547
  0.98284
  0.99480
  0.98806
  0.99166
  0.97537
  0.98831
  0.98984
  0.98927
  0.98549
  0.98961
  0.98793
  0.98067
  0.98763
  0.98362
  0.96629
  0.98522
  0.98332
  0.97356
  0.98576
  0.98938
  0.98456
  0.99489
  0.99554
  0.97994
  0.98171
  0.99314
  0.97976
  0.98781
  0.98285
  0.98917
  0.98767
  0.99235
  0.98901
  0.96846
  0.98906
  0.98411
  0.99190
  0.99535
  0.98388
  0.98279
  0.98726
  0.99297
  0.99428
  0.97920
  0.99039
  0.98553
  0.98919
  0.99190
  0.99018
  0.99287
  0.98596
  0.99226
  0.98117
  0.98061
  0.96900
  0.96205
  0.99395
  0.98486
  0.98504
  0.97980
  0.99012
  0.99358
  0.96514
  0.98272
  0.99592
  0.98183
  0.95206
  0.99019
  0.99100
  0.98128
  0.99576
  0.97797
  0.99149
  0.98362
  0.99068
  0.98895
  0.99067
  0.98951
  0.96967
  0.98786
  0.98533
  0.98573
  0.97108
  0.97151
  0.97962
  0.98803
  0.98694
  0.98784
  0.98473
  0.99212
  0.98177
  0.98024
  0.98385
  0.98549
  0.99130
  0.97671
  0.98851
  0.98314
  0.98815
  0.99073
  0.98799
  0.98850
  0.99279
  0.98149
  0.98066
  0.98507
  0.98675
  0.99314
  0.98712
  0.99355
  0.99020
  0.99138
  0.99496
  0.98739
  0.99227
  0.99524
  0.97066
  0.98898
  0.99045
  0.98112
  0.98511
  0.99215
  0.98001
  0.99006
  0.98504
  0.98521
  0.99187
  0.97903
  0.96692
  0.95308
  0.98992
  0.97001
  0.99559
  0.98975
  0.97938
  0.98613
  0.99398
  0.98758
  0.98937
  0.99244
  0.97957
  0.98549
  0.99465
  0.98935
  0.98011
  0.97051
  0.98842
  0.97733
  0.97837
  0.98938
  0.98773
  0.98308
  0.99101
  0.98715
  0.99182
  0.98031
  0.98229
  0.97304
  0.98929
  0.97596
  0.98408
  0.98196
  0.97818
  0.98325
  0.97862
  0.99423
  0.99472
  0.97540
  0.98459
  0.98244
  0.99273
  0.98300
  0.98250
  0.98108
  0.98274
  0.99211
  0.99073
  0.99289
  0.98131
  0.97169
  0.99102
  0.98229
  0.98625
  0.98672
  0.99006
  0.99218
  0.97371
  0.97433
  0.99762
  0.99125
  0.97995
  0.99422
  0.98151
  0.99388
  0.98615
  0.98566
  0.98283
  0.98520
  0.99409
  0.97383
  0.99087
  0.99286
  0.99159
  0.98714
  0.98260
  0.97965
  0.98842
  0.98547
  0.99514
  0.99226
  0.99338
  0.99161
  0.98701
  0.99259
  0.97657
  0.99060
  0.97965
  0.98130
  0.99099
  0.98212
  0.99526
  0.97120
  0.98999
  0.97988
  0.97021
  0.98878
  0.97611
  0.98037
  0.98880
  0.97785
  0.97914
  0.97719
  0.98619
  0.99184
  0.99025
  0.97993
  0.98374
  0.97943
  0.98996
  0.97842
  0.98498
  0.99389
  0.99592
  0.97777
  0.98655
  0.96727
  0.99024
  0.99255
  0.98874
  0.98800
  0.99389
  0.98385
  0.98663
  0.97806
  0.98675
  0.98614
  0.99092
  0.98904
  0.98535
  0.99453
  0.97609
  0.97189
  0.99110
  0.99270
  0.99055
  0.98826
  0.98355
  0.98616
  0.98913
  0.97844
  0.97150
  0.99134
  0.98574
  0.98826
  0.98536
  0.99133
  0.98136
  0.98938
  0.99362
  0.98527
  0.99386
  0.97645
  0.98026
  0.99308
  0.99157
  0.96950
  0.98954
  0.99519
  0.98737
  0.97600
  0.97849
  0.98136
  0.99050
  0.99502
  0.98234
  0.98746
  0.99267
  0.97639
  0.96908
  0.99525
  0.99073
  0.97341
  0.99121
  0.99046
  0.98681
  0.98618
  0.98462
  0.97805
  0.99264
  0.98045
  0.97008
  0.97888
  0.97844
  0.99508
  0.98269
  0.98700
  0.97783
  0.99176
  0.99070
  0.99658
  0.99565
  0.97968
  0.98533
  0.97697
  0.99259
  0.98917
  0.96725
  0.99159
  0.98271
  0.99226
  0.98980
  0.98379
  0.98830
  0.97532
  0.98373
  0.99146
  0.99103
  0.99321
  0.98225
  0.99521
  0.99110
  0.98037
  0.98504
  0.97042
  0.97773
  0.98071
  0.98353
  0.98179
  0.97936
  0.97993
  0.97104
  0.98732
  0.97961
  0.99004
  0.98373
  0.97275
  0.99368
  0.99328
  0.99279
  0.98383
  0.99116
  0.99137
  0.99471
  0.98907
  0.99349
  0.99338
  0.99050
  0.98820
  0.98572
  0.99313
  0.98944
  0.98440
  0.98929
  0.98841
  0.97487
  0.98912
  0.97841
  0.97325
  0.99351
  0.96929
  0.99046
  0.98923
  0.97732
  0.98978
  0.96722
  0.98866
  0.99166
  0.97412
  0.96955
  0.97495
  0.97182
  0.97822
  0.98440
  0.97792
  0.98149
  0.97612
  0.97315
  0.98300
  0.97763
  0.98640
  0.99204
  0.98491
  0.98015
  0.98946
  0.99533
  0.98306
  0.99587
  0.98644
  0.99220
  0.99502
  0.99553
  0.98768
  0.98910
  0.98940
  0.98536
  0.99378
  0.98265
  0.98570
  0.98815
  0.99331
  0.99235
  0.97981
  0.99368
  0.97721
  0.99113
  0.98603
  0.98534
  0.99179
  0.99198
  0.98786
  0.98991
  0.97178
  0.99323
  0.98241
  0.99023
  0.98953
  0.97215
  0.98838
  0.99063
  0.98798
  0.97112
  0.98693
  0.98940
  0.98786
  0.98631
  0.98940
  0.98608
  0.98534
  0.98200
  0.97587
  0.97652
  0.96635
  0.99598
  0.96829
  0.99430
  0.97935
  0.98219
  0.98187
  0.95324
  0.97904
  0.99320
  0.99405
  0.98748
  0.98402
  0.99461
  0.98436
  0.98566
  0.98266
  0.97417
  0.98710
  0.98157
  0.98540
  0.99249
  0.99158
  0.99591
  0.99206
  0.98064
  0.99337
  0.98056
  0.99022
  0.97957
  0.98040
  0.98586
  0.98937
  0.97920
  0.98886
  0.99154
  0.98912
  0.97233
  0.97913
  0.99203
  0.98926
  0.98391
  0.99099
  0.98364
  0.98733
  0.97957
  0.99484
  0.99221
  0.96992
  0.99109
  0.99381
  0.98142
  0.99094
  0.99018
  0.98870
  0.98609
  0.99160
  0.98608
  0.98670
  0.99115
  0.97710
  0.99046
  0.99462
  0.97850
  0.98650
  0.96731
  0.98737
  0.99421
  0.99188
  0.98897
  0.99478
  0.98272
  0.98516
  0.97728
  0.99554
  0.97445
  0.99550
  0.97221
  0.98340
  0.99072
  0.99383
  0.98884
  0.99394
  0.96856
  0.97308
  0.99290
  0.99467
  0.99036
  0.96342
  0.98738
  0.98683
  0.98558
  0.97724
  0.99179
  0.96762
  0.98502
  0.98114
  0.97496
  0.97842
  0.98661
  0.99245
  0.99309
  0.96787
  0.98741
  0.98666
  0.98865
  0.98548
  0.98408
  0.98618
  0.99145
  0.98850
  0.96699
  0.98514
  0.98526
  0.98157
  0.97715
  0.99136
  0.98369
  0.98765
  0.99251
  0.98127
  0.99006
  0.99286
  0.98956
  0.98675
  0.99321
  0.99523
  0.99327
  0.98179
  0.99292
  0.99025
  0.98351
  0.98991
  0.98980
  0.98539
  0.98139
  0.99214
  0.98926
  0.98158
  0.99442
  0.99122
  0.99170
  0.99151
  0.99147
  0.98330
  0.98505
  0.97756
  0.99292
  0.98805
  0.98456
  0.99236
  0.97533
  0.99242
  0.97998
  0.99588
  0.98807
  0.98760
  0.99499
  0.97462
  0.97874
  0.99565
  0.99587
  0.99298
  0.98594
  0.98913
  0.96841
  0.99386
  0.98819
  0.97113
  0.99252
  0.99114
  0.99268
  0.99297
  0.97506
  0.97139
  0.99039
  0.97996
  0.96454
  0.97952
  0.96742
  0.99357
  0.98013
  0.98487
  0.99117
  0.98760
  0.98730
  0.99165
  0.98809
  0.99296
  0.99139
  0.99093
  0.98432
  0.98768
  0.97632
  0.98640
  0.97562
  0.98582
  0.98474
  0.98016
  0.98008
  0.98612
  0.98334
  0.98846
  0.99393
  0.99645
  0.98960
  0.97424
  0.99160
  0.98126
  0.98744
  0.98371
  0.99671
  0.99039
  0.98578
  0.99113
  0.98355
  0.96832
  0.99504
  0.99115
  0.98995
  0.98841
  0.98085
  0.99637
  0.99092
  0.99168
  0.98388
  0.97217
  0.98285
  0.99033
  0.99332
  0.99066
  0.98550
  0.97402
  0.98862
  0.98084
  0.98906
  0.98273
  0.99145
  0.98153
  0.99064
  0.98690
  0.98171
  0.98490
  0.99248
  0.98457
  0.98709
  0.97929
  0.99369
  0.98680
  0.98470
  0.99496
  0.96972
  0.96105
  0.97282
  0.99192
  0.99433
  0.98577
  0.98561
  0.97752
  0.98896
  0.99175
  0.98918
  0.97382
  0.98893
  0.99287
  0.99228
  0.98009
  0.97888
  0.98324
  0.99137
  0.97443
  0.97846
  0.98926
  0.98624
  0.96799
  0.98548
  0.99040
  0.99268
  0.98963
  0.99044
  0.98849
  0.99410
  0.99002
  0.99163
  0.97789
  0.99396
  0.98522
  0.98785
  0.99377
  0.98140
  0.99253
  0.98693
  0.99085
  0.98536
  0.97452
  0.98120
  0.99076
  0.99332
  0.96994
  0.99197
  0.98692
  0.99135
  0.97547
  0.97341
  0.98220
  0.99155
  0.98841
  0.98288
  0.97991
  0.98283
  0.99489
  0.99050
  0.98010
  0.96755
  0.99360
  0.99098
  0.99029
  0.96593
  0.98123
  0.98483
  0.97381
  0.96542
  0.97413
  0.96684
  0.99435
  0.98591
  0.99326
  0.97979
  0.99061
  0.99381
  0.95427
  0.98482
  0.99122
  0.99557
  0.98443
  0.98029
  0.97617
  0.98170
  0.97801
  0.97273
  0.99250
  0.99476
  0.99206
  0.99358
  0.99218
  0.99064
  0.99066
  0.97074
  0.98162
  0.98842
  0.99138
  0.97801
  0.99046
  0.97152
  0.99023
  0.98943
  0.99059
  0.99372
  0.98799
  0.98640
  0.99165
  0.96970
  0.98741
  0.98699
  0.98719
  0.97927
  0.99205
  0.98670
  0.99262
  0.99025
  0.98725
  0.97905
  0.97981
  0.96918
  0.98255
  0.98394
  0.98132
  0.98153
  0.97971
  0.98669
  0.99317
  0.99198
  0.99295
  0.97947
  0.98670
  0.98491
  0.98122
  0.98086
  0.98074
  0.98845
  0.98806
  0.99549
  0.99460
  0.99201
  0.96457
  0.99335
  0.96066
  0.97055
  0.98989
  0.99262
  0.97930
  0.98268
  0.98728
  0.99320
  0.98315
  0.99408
  0.99344
  0.99267
  0.98522
  0.97506
  0.98600
  0.98490
  0.99238
  0.97697
  0.99421
  0.98164
  0.99100
  0.99008
  0.99145
  0.99375
  0.98863
  0.99341
  0.98393
  0.98189
  0.98446
  0.99189
  0.98688
  0.98965
  0.98496
  0.98886
  0.99312
  0.98114
  0.98735
  0.97723
  0.98128
  0.99425
  0.99288
  0.97427
  0.99468
  0.97682
  0.98002
  0.97860
  0.98943
  0.99098
  0.99275
  0.99221
  0.99104
  0.99192
  0.99416
  0.98924
  0.97166
  0.98635
  0.97277
  0.98530
  0.97901
  0.98823
  0.99355
  0.98208
  0.99264
  0.99567
  0.98586
  0.98525
  0.99277
  0.95387
  0.97647
  0.96007
  0.96911
  0.98385
  0.98478
  0.96696
  0.99067
  0.98040
  0.99426
  0.98975
  0.98915
  0.99185
  0.99465
  0.98877
  0.98616
  0.98510
  0.98594
  0.99487
  0.99174
  0.98369
  0.98176
  0.98808
  0.99320
  0.98629
  0.97622
  0.98879
  0.98798
  0.98247
  0.98625
  0.99218
  0.98640
  0.97458
  0.99710
  0.99786
  0.97845
  0.99013
  0.98995
  0.99116
  0.99061
  0.98209
  0.99304
  0.98478
  0.97626
  0.97504
  0.97509
  0.98587
  0.98175
  0.96918
  0.98291
  0.99092
  0.98870
  0.98218
  0.96134
  0.98209
  0.97851
  0.99139
  0.98772
  0.99051
  0.98492
  0.98918
  0.98621
  0.98467
  0.98215
  0.98284
  0.99096
  0.99148
  0.97699
  0.96479
  0.98762
  0.99304
  0.98723
  0.97384
  0.98996
  0.98821
  0.98251
  0.99529
  0.99161
  0.97712
  0.98694
  0.97936
  0.99257
  0.97375
  0.99057
  0.98822
  0.98862
  0.98591
  0.98082
  0.98922
  0.99412
  0.98130
  0.97593
  0.98697
  0.99372
  0.99191
  0.98901
  0.99088
  0.98934
  0.99168
  0.97935
  0.97210
  0.98098
  0.99091
  0.98534
  0.97818
  0.98899
  0.99270
  0.99000
  0.98040
  0.97938
  0.99145
  0.99723
  0.97994
  0.98887
  0.99600
  0.99492
  0.98318
  0.98061
  0.98590
  0.98814
  0.99216
  0.98081
  0.99206
  0.98457
  0.99364
  0.99331
  0.99373
  0.98687
  0.98851
  0.99041
  0.99261
  0.99190
  0.99373
  0.99344
  0.98216
  0.98683
  0.98775
  0.98046
  0.98319
  0.96768
  0.98174
  0.97848
  0.98825
  0.98801
  0.98800
  0.99542
  0.99143
  0.97412
  0.98625
  0.99174
  0.98862
  0.98547
  0.99310
  0.97549
  0.98227
  0.99601
  0.97704
  0.98909
  0.98339
  0.98141
  0.98503
  0.98826
  0.99206
  0.99024
  0.99105
  0.99435
  0.98024
  0.98878
  0.96674
  0.99049
  0.98600
  0.98016
  0.99246
  0.98881
  0.99343
  0.97539
  0.98426
  0.98160
  0.95503
  0.99522
  0.99105
  0.97054
  0.98996
  0.96614
  0.97074
  0.98525
  0.99111
  0.98968
  0.99555
  0.97886
  0.98217
  0.99480
  0.97923
  0.98443
  0.98255
  0.98971
  0.99453
  0.98725
  0.98185
  0.96692
  0.98985
  0.99281
  0.97946
  0.98159
  0.98419
  0.99173
  0.99493
  0.98780
  0.98227
  0.99068
  0.99050
  0.99451
  0.99443
  0.98741
  0.98777
  0.97931
  0.98925
  0.97551
  0.98881
  0.99140
  0.98299
  0.98439
  0.99392
  0.98930
  0.98348
  0.97413
  0.98603
  0.99191
  0.98483
  0.99056
  0.98209
  0.97154
  0.98543
  0.98143
  0.98586
  0.98916
  0.99035
  0.99075
  0.99204
  0.98896
  0.99002
  0.98984
  0.98477
  0.98693
  0.98197
  0.98580
  0.98594
  0.99020
  0.99368
  0.97021
  0.98032
  0.98454
  0.97445
  0.99153
  0.99352
  0.99521
  0.99504
  0.99406
  0.99537
  0.98783
  0.98529
  0.98452
  0.98842
  0.98603
  0.98327
  0.99297
  0.98715
  0.99469
  0.97391
  0.98192
  0.97572
  0.97887
  0.97902
  0.98552
  0.98633
  0.99435
  0.99473
  0.98700
  0.96935
  0.99336
  0.98796
  0.99434
  0.98349
  0.96111
  0.97928
  0.97255
  0.99061
  0.99067
  0.98900
  0.99528
  0.98518
  0.98185
  0.96872
  0.97330
  0.99532
  0.99201
  0.98394
  0.99262
  0.98925
  0.99402
  0.99190
  0.99403
  0.97979
  0.97835
  0.98697
  0.98656
  0.99616
  0.99192
  0.98670
  0.99132
  0.98850
  0.98191
  0.98239
  0.99479
  0.98671
  0.98497
  0.99426
  0.98035
  0.99284
  0.96666
  0.99198
  0.99267
  0.98146
  0.97269
  0.98860
  0.98301
  0.99166
  0.98440
  0.99362
  0.98509
  0.97496
  0.99352
  0.97725
  0.99296
  0.99044
  0.98736
  0.98367
  0.97527
  0.98099
  0.97684
  0.98896
  0.99523
  0.99044
  0.99438
  0.98418
  0.97951
  0.99541
  0.99115
  0.99191
  0.96706
  0.99067
  0.98402
  0.98638
  0.99341
  0.99166
  0.98846
  0.97161
  0.99582
  0.98859
  0.99309
  0.99459
  0.98636
  0.98670
  0.99483
  0.97409
  0.98487
  0.98487
  0.99093
  0.98575
  0.98341
  0.97639
  0.97996
  0.99636
  0.98860
  0.98689
  0.98843
  0.96755
  0.99645
  0.99113
  0.98785
  0.99408
  0.98160
  0.96726
  0.99204
  0.99260
  0.98219
  0.98975
  0.98017
  0.97913
  0.98313
  0.98649
  0.97908
  0.99099
  0.99421
  0.99481
  0.99431
  0.99244
  0.98575
  0.98356
  0.98658
  0.98997
  0.96788
  0.98756
  0.98747
  0.98958
  0.98359
  0.99472
  0.99184
  0.97901
  0.98191
  0.97742
  0.98959
  0.98879
  0.98285
  0.99100
  0.97921
  0.99411
  0.99018
  0.98877
  0.99177
  0.98477
  0.99389
  0.97984
  0.99493
  0.99468
  0.97743
  0.97668
  0.97895
  0.98360
  0.99573
  0.98432
  0.97812
  0.99712
  0.99019
  0.99293
  0.99414
  0.98446
  0.99246
  0.99296
  0.98657
  0.98856
  0.99104
  0.99343
  0.97794
  0.99132
  0.99673
  0.97530
  0.97388
  0.98728
  0.97310
  0.98787
  0.98273
  0.99673
  0.98082
  0.98902
  0.99489
  0.98809
  0.98450
  0.99424
  0.98383
  0.99479
  0.98958
  0.97520
  0.97836
  0.98343
  0.99442
  0.99383
  0.99193
  0.97301
  0.98694
  0.98837
  0.97999
  0.97810
  0.99096
  0.98922
  0.98802
  0.98895
  0.99082
  0.98974
  0.99253
  0.98976
  0.98790
  0.97640
  0.98064
  0.98889
  0.98870
  0.99181
  0.98300
  0.98305
  0.96330
  0.95682
  0.97389
  0.98688
  0.99309
  0.98340
  0.98271
  0.97529
  0.99019
  0.98656
  0.98734
  0.99520
  0.99435
  0.96853
  0.98715
  0.98905
  0.99416
  0.98045
  0.98464
  0.98175
  0.98845
  0.99357
  0.98789
  0.98858
  0.98304
  0.99134
  0.99093
  0.98999
  0.98893
  0.98943
  0.99280
  0.97533
  0.99202
  0.98467
  0.98699
  0.98238
  0.97799
  0.98585
  0.98891
  0.98659
  0.98731
  0.98956
  0.99134
  0.98857
  0.98767
  0.99106
  0.98343
  0.99371
  0.98362
  0.98984
  0.98895
  0.99150
  0.98612
  0.99060
  0.99528
  0.99374
  0.98014
  0.98677
  0.99531
  0.98535
  0.99469
  0.99534
  0.99357
  0.98011
  0.98635
  0.99336
  0.98460
  0.99115
  0.98708
  0.99202
  0.98755
  0.98723
  0.97710
  0.98503
  0.99439
  0.97830
  0.98276
  0.98209
  0.99278
  0.97582
  0.98965
  0.99227
  0.99165
  0.96633
  0.97313
  0.99178
  0.99289
  0.97852
  0.97845
  0.99531
  0.97080
  0.96669
  0.98997
  0.98638
  0.97861
  0.98560
  0.97403
  0.99206
  0.97957
  0.98024
  0.97082
  0.98953
  0.98876
  0.99508
  0.97505
  0.98304
  0.99177
  0.98269
  0.99138
  0.99490
  0.98744
  0.97823
  0.97492
  0.99446
  0.97566
  0.98551
  0.98249
  0.99664
  0.98891
  0.98421
  0.99251
  0.98111
  0.98266
  0.99358
  0.99014
  0.98688
  0.98964
  0.98881
  0.98455
  0.98883
  0.98646
  0.98700
  0.99566
  0.99474
  0.99347
  0.98477
  0.98993
  0.98734
  0.98634
  0.98637
  0.98993
  0.98842
  0.99254
  0.99439
  0.99224
  0.97733
  0.98696
  0.98130
  0.98465
  0.98384
  0.99394
  0.98660
  0.98776
  0.98924
  0.98514
  0.99048
  0.98241
  0.99027
  0.99359
  0.98639
  0.98201
  0.98879
  0.99197
  0.98699
  0.98606
  0.99015
  0.96902
  0.99640
  0.98412
  0.99339
  0.98842
  0.99380
  0.99350
  0.98399
  0.97338
  0.98197
  0.97111
  0.99346
  0.98742
  0.99070
  0.98590
  0.97943
  0.99218
  0.98454
  0.99284
  0.99082
  0.98487
  0.97904
  0.97934
  0.99320
  0.97660
  0.98781
  0.98125
  0.99348
  0.98266
  0.99311
  0.98514
  0.96163
  0.98652
  0.99135
  0.97676
  0.98801
  0.97212
  0.97093
  0.98929
  0.99062
  0.98700
  0.97824
  0.98584
  0.98673
  0.96732
  0.98480
  0.99122
  0.98263
  0.98807
  0.97310
  0.99058
  0.98971
  0.97394
  0.98300
  0.98336
  0.98297
  0.98919
  0.98795
  0.98412
  0.99284
  0.98227
  0.99332
  0.99117
  0.98328
  0.98380
  0.98517
  0.98117
  0.98960
  0.98870
  0.97776
  0.98776
  0.99111
  0.98391
  0.99411
  0.98637
  0.98530
  0.98817
  0.99027
  0.97907
  0.98639
  0.97810
  0.97947
  0.99365
  0.98907
  0.97018
  0.98974
  0.99391
  0.97718
  0.98276
  0.98921
  0.98795
  0.99520
  0.97867
  0.99332
  0.98652
  0.99016
  0.97079
  0.99124
  0.97451
  0.99030
  0.97370
  0.98751
  0.98570
  0.99290
  0.99026
  0.97801
  0.99464
  0.98028
  0.97641
  0.98616
  0.97595
  0.98536
  0.98977
  0.98255
  0.96576
  0.99194
  0.98396
  0.99232
  0.99325
  0.98289
  0.98841
  0.99448
  0.98738
  0.99241
  0.99009
  0.99128
  0.98980
  0.98510
  0.99232
  0.99291
  0.99281
  0.98855
  0.99150
  0.98493
  0.99220
  0.99472
  0.99334
  0.98809
  0.96345
  0.98863
  0.98528
  0.99372
  0.99527
  0.97928
  0.99238
  0.99101
  0.98508
  0.94707
  0.98679
  0.98504
  0.98532
  0.98903
  0.96515
  0.97759
  0.98363
  0.98002
  0.99233
  0.98527
  0.98520
  0.97778
  0.99209
  0.98980
  0.99201
  0.97072
  0.97477
  0.99302
  0.99128
  0.98973
  0.97557
  0.97765
  0.97671
  0.98975
  0.99481
  0.99531
  0.98491
  0.99306
  0.98665
  0.99013
  0.99330
  0.98787
  0.99077
  0.98223
  0.99543
  0.98178
  0.99475
  0.98822
  0.98811
  0.99611
  0.98124
  0.98772
  0.96918
  0.97995
  0.98790
  0.99183
  0.99261
  0.99044
  0.97902
  0.99032
  0.98885
  0.98630
  0.97221
  0.97576
  0.99058
  0.99359
  0.98685
  0.98147
  0.99043
  0.98716
  0.99016
  0.98865
  0.98644
  0.97660
  0.97909
  0.98062
  0.98907
  0.98037
  0.99259
  0.97749
  0.98262
  0.99200
  0.97836
  0.99336
  0.97244
  0.99683
  0.97956
  0.99310
  0.98989
  0.97117
  0.99076
  0.99099
  0.98386
  0.98118
  0.97886
  0.98076
  0.97437
  0.98876
  0.99286
  0.99308
  0.98927
  0.98490
  0.98397
  0.98662
  0.98566
  0.98872
  0.98761
  0.99196
  0.98520
  0.98010
  0.98187
  0.97392
  0.98543
  0.98509
  0.98957
  0.98635
  0.99123
  0.97541
  0.98478
  0.98683
  0.99323
  0.99010
  0.98809
  0.98477
  0.99217
  0.99188
  0.99723
  0.99286
  0.97777
  0.99364
  0.97127
  0.97780
  0.99420
  0.99258
  0.99082
  0.99037
  0.97704
  0.99529
  0.97814
  0.99027
  0.99258
  0.96703
  0.98755
  0.98949
  0.99086
  0.99183
  0.99124
  0.98981
  0.97333
  0.99369
  0.97856
  0.98785
  0.98298
  0.98563
  0.98969
  0.98837
  0.98836
  0.99670
  0.99066
  0.99052
  0.99459
  0.98611
  0.99371
  0.97052
  0.99585
  0.97350
  0.98911
  0.99347
  0.99041
  0.99211
  0.98589
  0.99108
  0.97199
  0.96776
  0.98605
  0.98606
  0.98816
  0.99019
  0.98974
  0.98943
  0.98426
  0.98037
  0.98628
  0.99424
  0.98810
  0.98628
  0.97255
  0.98472
  0.97984
  0.98581
  0.99058
  0.97764
  0.99605
  0.98231
  0.98115
  0.99025
  0.98221
  0.98369
  0.99570
  0.98948
  0.98599
  0.99057
  0.97933
  0.98865
  0.98194
  0.99114
  0.99158
  0.98344
  0.98370
  0.96769
  0.99116
  0.97754
  0.99051
  0.97845
  0.97908
  0.99149
  0.99335
  0.98635
  0.98262
  0.97922
  0.98203
  0.99101
  0.99230
  0.97214
  0.98337
  0.98971
  0.98648
  0.97823
  0.99475
  0.99159
  0.99441
  0.99133
  0.98727
  0.98754
  0.99566
  0.99514
  0.98646
  0.96970
  0.99025
  0.98740
  0.98360
  0.99022
  0.98118
  0.97954
  0.99174
  0.98880
  0.98208
  0.96921
  0.98734
  0.97636
  0.96859
  0.99457
  0.99129
  0.98384
  0.99085
  0.99002
  0.98044
  0.98175
  0.98418
  0.98871
  0.99008
  0.99319
  0.98319
  0.98499
  0.98513
  0.99104
  0.97112
  0.98596
  0.99023
  0.99670
  0.97497
  0.98835
  0.97003
  0.98821
  0.96572
  0.99567
  0.99121
  0.98929
  0.99078
  0.99033
  0.99295
  0.99262
  0.97472
  0.98111
  0.99521
  0.98188
  0.98524
  0.99478
  0.99441
  0.98843
  0.98116
  0.98927
  0.98397
  0.98842
  0.99295
  0.98945
  0.98775
  0.99166
  0.98316
  0.97844
  0.96849
  0.99206
  0.98864
  0.99053
  0.97034
  0.98594
  0.97581
  0.98732
  0.96791
  0.98163
  0.98669
  0.98795
  0.98700
  0.98983
  0.97732
  0.99331
  0.97992
  0.99199
  0.98695
  0.99019
  0.97684
  0.98607
  0.99333
  0.99401
  0.98852
  0.98093
  0.97317
  0.99417
  0.98992
  0.98649
  0.99130
  0.98861
  0.99167
  0.97708
  0.99306
  0.98285
  0.98600
  0.98778
  0.97976
  0.98420
  0.98660
  0.99708
  0.98519
  0.98313
  0.99614
  0.99476
  0.99216
  0.97911
  0.99196
  0.97870
  0.98588
  0.97723
  0.99405
  0.98954
  0.99635
  0.99259
  0.99201
  0.98254
  0.97034
  0.99111
  0.99242
  0.97056
  0.99198
  0.97810
  0.97050
  0.98498
  0.99138
  0.99068
  0.98651
  0.96971
  0.96878
  0.99255
  0.99295
  0.99007
  0.99568
  0.98429
  0.99434
  0.97647
  0.98370
  0.98467
  0.99286
  0.99178
  0.99455
  0.98756
  0.99327
  0.98395
  0.98913
  0.99229
  0.98069
  0.99440
  0.99012
  0.98380
  0.99237
  0.99230
  0.96592
  0.99375
  0.98549
  0.99438
  0.98805
  0.99026
  0.99198
  0.97363
  0.99054
  0.99446
  0.98534
  0.98959
  0.99100
  0.98032
  0.97579
  0.99084
  0.99807
  0.98070
  0.99278
  0.97785
  0.97442
  0.98829
  0.98228
  0.99153
  0.98278
  0.96926
  0.99327
  0.99168
  0.99106
  0.97190
  0.99122
  0.98431
  0.98976
  0.99299
  0.99492
  0.99325
  0.98235
  0.98927
  0.99440
  0.99169
  0.99358
  0.98984
  0.99184
  0.99087
  0.99087
  0.99164
  0.98360
  0.98989
  0.98716
  0.96920
  0.97428
  0.99121
  0.99191
  0.98067
  0.98766
  0.98249
  0.98029
  0.98160
  0.99559
  0.99518
  0.98348
  0.97514
  0.99386
  0.99318
  0.98566
  0.98073
  0.99404
  0.98723
  0.98713
  0.97667
  0.98416
  0.99331
  0.99196
  0.98063
  0.97791
  0.98913
  0.98386
  0.99355
  0.99218
  0.99362
  0.99069
  0.99459
  0.97677
  0.98999
  0.98987
  0.98872
  0.98671
  0.98004
  0.98934
  0.98532
  0.98190
  0.98262
  0.99096
  0.99076
  0.97791
  0.97890
  0.99347
  0.99194
  0.99094
  0.98788
  0.99099
  0.95605
  0.99174
  0.98834
  0.99640
  0.98128
  0.99249
  0.99036
  0.99356
  0.98657
  0.98619
  0.97750
  0.98939
  0.98812
  0.99166
  0.99027
  0.99198
  0.99211
  0.99141
  0.98578
  0.97974
  0.98609
  0.99258
  0.97846
  0.98969
  0.99232
  0.98776
  0.99503
  0.98787
  0.98173
  0.99118
  0.98938
  0.98548
  0.97020
  0.98302
  0.99214
  0.97394
  0.98396
  0.99115
  0.98428
  0.99211
  0.99682
  0.99060
  0.99445
  0.98119
  0.98490
  0.98447
  0.99324
  0.99399
  0.96790
  0.98923
  0.99263
  0.99568
  0.99115
  0.99195
  0.99040
  0.97751
  0.98899
  0.98101
  0.99282
  0.99409
  0.98628
  0.99065
  0.98441
  0.98887
  0.98398
  0.98684
  0.96603
  0.98699
  0.99438
  0.99362
  0.98437
  0.97862
  0.97710
  0.99069
  0.98652
  0.98008
  0.98864
  0.98746
  0.98506
  0.99188
  0.99313
  0.98541
  0.98201
  0.99400
  0.99285
  0.99455
  0.98334
  0.96987
  0.98251
  0.99175
  0.98696
  0.99082
  0.97196
  0.97934
  0.98876
  0.98025
  0.99148
  0.98299
  0.98831
  0.98874
  0.97895
  0.98784
  0.97905
  0.98636
  0.97496
  0.98869
  0.99070
  0.98612
  0.98352
  0.98522
  0.98597
  0.97128
  0.98043
  0.99659
  0.98810
  0.98725
  0.99110
  0.99109
  0.98518
  0.99088
  0.98379
  0.98682
  0.99577
  0.98907
  0.99311
  0.99054
  0.98353
  0.99264
  0.99054
  0.99189
  0.98436
  0.99180
  0.98694
  0.98235
  0.98476
  0.99158
  0.96899
  0.99552
  0.99261
  0.98116
  0.99016
  0.99277
  0.99629
  0.98235
  0.98635
  0.98891
  0.99242
  0.98953
  0.98153
  0.97225
  0.98099
  0.97994
  0.98661
  0.99209
  0.98511
  0.98982
  0.98256
  0.99002
  0.99420
  0.98306
  0.98360
  0.99084
  0.99480
  0.97185
  0.97011
  0.98503
  0.98877
  0.98831
  0.99285
  0.99108
  0.99005
  0.99188
  0.99439
  0.98738
  0.99186
  0.99032
  0.98241
  0.98790
  0.99145
  0.99534
  0.99266
  0.97820
  0.98563
  0.98620
  0.99559
  0.95763
  0.97831
  0.98898
  0.99429
  0.99270
  0.99113
  0.96462
  0.98622
  0.99241
  0.99270
  0.99258
  0.97298
  0.99366
  0.98966
  0.98128
  0.97692
  0.99144
  0.99236
  0.97845
  0.99384
  0.97380
  0.96768
  0.97486
  0.98348
  0.98652
  0.99400
  0.99085
  0.97363
  0.99237
  0.97451
  0.97262
  0.98095
  0.97639
  0.97434
  0.99606
  0.96142
  0.97298
  0.97769
  0.99428
  0.99285
  0.98165
  0.99272
  0.97826
  0.98088
  0.97370
  0.98992
  0.97764
  0.96789
  0.99486
  0.98185
  0.98715
  0.99472
  0.98555
  0.97065
  0.97978
  0.98969
  0.99294
  0.99460
  0.99520
  0.99540
  0.97590
  0.98509
  0.98355
  0.99511
  0.98393
  0.96607
  0.98027
  0.99507
  0.97232
  0.95457
  0.96802
  0.98834
  0.98127
  0.99061
  0.99476
  0.99247
  0.97928
  0.98619
  0.97700
  0.97911
  0.99110
  0.98937
  0.96083
  0.97482
  0.98227
  0.97046
  0.99007
  0.99312
  0.98311
  0.98451
  0.99587
  0.98160
  0.98243
  0.97773
  0.99438
  0.99363
  0.97076
  0.99541
  0.98751
  0.98363
  0.97610
  0.96716
  0.99560
  0.98322
  0.99297
  0.99036
  0.97613
  0.99032
  0.99056
  0.98624
  0.98203
  0.98408
  0.97647
  0.98718
  0.98873
  0.99085
  0.98533
  0.96851
  0.98616
  0.97575
  0.95815
  0.98650
  0.96129
  0.99469
  0.98732
  0.99577
  0.97753
  0.97936
  0.99356
  0.98711
  0.97680
  0.99406
  0.98350
  0.97342
  0.99368
  0.99596
  0.98915
  0.96464
  0.97961
  0.98985
  0.97966
  0.98388
  0.98937
  0.99519
  0.98045
  0.99159
  0.96787
  0.98685
  0.97710
  0.95388
  0.97313
  0.95981
  0.99237
  0.96572
  0.99044
  0.99524
  0.98335
  0.98495
  0.97992
  0.98043
  0.98225
  0.99372
  0.99186
  0.98758
  0.97683
  0.98436
  0.98528
  0.99152
  0.98811
  0.96898
  0.99263
  0.98641
  0.98075
  0.97136
  0.99181
  0.98901
  0.98470
  0.98259
  0.98564
  0.99446
  0.99155
  0.98318
  0.99343
  0.98429
  0.98932
  0.98231
  0.96687
  0.98685
  0.98169
  0.99021
  0.98479
  0.99559
  0.98124
  0.99491
  0.99420
  0.99365
  0.98473
  0.99318
  0.98670
  0.99362
  0.99590
  0.97110
  0.96897
  0.98615
  0.98552
  0.98735
  0.98422
  0.99607
  0.98722
  0.99346
  0.98584
  0.99245
  0.99110
  0.97227
  0.98315
  0.98399
  0.97793
  0.97975
  0.99038
  0.97629
  0.98693
  0.98506
  0.97411
  0.97258
  0.99348
  0.99039
  0.99592
  0.97580
  0.99174
  0.96633
  0.98779
  0.97864
  0.99079
  0.98851
  0.96698
  0.97602
  0.99340
  0.99089
  0.98455
  0.99007
  0.97342
  0.97273
  0.99395
  0.99009
  0.96327
  0.99561
  0.98568
  0.98198
  0.99190
  0.97903
  0.98713
  0.98522
  0.99123
  0.97722
  0.98484
  0.98697
  0.99170
  0.97264
  0.98522
  0.99396
  0.99413
  0.98305
  0.99348
  0.96597
  0.98851
  0.98102
  0.99140
  0.97348
  0.98734
  0.98302
  0.98929
  0.98374
  0.99461
  0.98434
  0.99045
  0.99061
  0.99334
  0.99117
  0.97209
  0.99147
  0.99535
  0.97766
  0.97027
  0.98232
  0.99361
  0.99107
  0.98332
  0.97841
  0.98536
  0.98209
  0.99297
  0.99176
  0.99344
  0.99569
  0.99586
  0.98894
  0.96172
  0.96550
  0.97411
  0.97801
  0.96806
  0.99118
  0.98108
  0.97925
  0.98799
  0.99480
  0.99011
  0.98708
  0.98999
  0.98662
  0.96981
  0.99449
  0.98365
  0.98217
  0.98709
  0.99574
  0.99347
  0.96006
  0.98881
  0.99284
  0.98137
  0.97957
  0.99391
  0.99134
  0.98032
  0.97881
  0.99147
  0.99292
  0.98721
  0.98507
  0.99043
  0.98250
  0.99375
  0.99545
  0.97247
  0.98605
  0.98443
  0.96766
  0.99519
  0.98472
  0.97827
  0.97705
  0.98895
  0.98435
  0.98703
  0.96136
  0.97797
  0.99059
  0.99341
  0.97669
  0.95849
  0.98007
  0.98572
  0.99439
  0.99553
  0.97511
  0.99425
  0.97658
  0.98187
  0.97829
  0.95878
  0.98498
  0.99559
  0.98751
  0.99247
  0.98361
  0.94403
  0.96198
  0.98642
  0.99183
  0.99398
  0.99268
  0.98031
  0.98473
  0.99020
  0.98821
  0.98586
  0.98192
  0.98656
  0.98438
  0.99549
  0.99576
  0.99371
  0.98706
  0.98740
  0.98613
  0.98635
  0.99035
  0.99079
  0.96634
  0.95692
  0.97500
  0.99346
  0.98873
  0.97737
  0.99519
  0.97570
  0.99142
  0.97773
  0.99427
  0.99415
  0.98607
  0.97157
  0.98655
  0.96111
  0.96780
  0.98914
  0.98798
  0.98943
  0.98763
  0.98669
  0.98465
  0.99296
  0.97925
  0.97748
  0.97750
  0.96036
  0.98608
  0.98887
  0.97920
  0.97360
  0.98823
  0.97743
  0.98009
  0.98893
  0.96942
  0.99001
  0.98869
  0.98793
  0.97711
  0.99137
  0.99520
  0.96054
  0.99013
  0.98162
  0.99438
  0.98982
  0.99163
  0.97562
  0.99005
  0.99276
  0.97835
  0.98211
  0.96468
  0.98393
  0.98747
  0.98780
  0.98558
  0.97587
  0.97450
  0.98874
  0.99294
  0.99547
  0.98747
  0.99551
  0.98382
  0.97571
  0.98062
  0.99025
  0.97692
  0.98538
  0.97763
  0.97957
  0.97245
  0.99078
  0.98765
  0.99451
  0.97533
  0.98856
  0.99039
  0.98639
  0.99569
  0.98801
  0.98627
  0.99398
  0.99050
  0.98425
  0.97501
  0.95998
  0.97609
  0.99187
  0.98179
  0.98991
  0.99536
  0.97192
  0.98348
  0.99239
  0.97397
  0.99405
  0.98567
  0.98151
  0.97827
  0.99424
  0.99389
  0.98059
  0.98245
  0.97985
  0.98590
  0.99532
  0.97999
  0.98286
  0.99183
  0.98886
  0.98436
  0.98393
  0.99540
  0.98596
  0.95270
  0.98508
  0.96720
  0.99159
  0.98232
  0.99254
  0.98451
  0.99289
  0.98404
  0.98435
  0.98530
  0.99606
  0.97621
  0.98570
  0.99094
  0.99105
  0.98004
  0.98767
  0.98363
  0.97896
  0.98710
  0.99224
  0.98149
  0.99455
  0.98476
  0.98879
  0.98116
  0.97726
  0.99049
  0.98262
  0.97827
  0.98331
  0.98675
  0.97262
  0.98823
  0.98169
  0.99534
  0.98422
  0.97466
  0.98637
  0.99020
  0.98029
  0.99345
  0.97713
  0.96937
  0.97545
  0.99482
  0.98344
  0.97040
  0.99132
  0.98458
  0.99329
  0.99180
  0.97536
  0.99162
  0.99259
  0.97830
  0.99085
  0.99266
  0.98837
  0.98912
  0.98084
  0.98742
  0.98427
  0.99401
  0.96983
  0.97507
  0.97775
  0.98740
  0.99235
  0.98490
  0.98282
  0.97950
  0.98847
  0.95832
  0.99082
  0.98620
  0.97459
  0.99123
  0.99515
  0.95689
  0.97909
  0.98155
  0.97511
  0.98147
  0.96929
  0.98221
  0.97694
  0.99082
  0.97603
  0.99204
  0.98286
  0.99066
  0.98553
  0.98775
  0.97126
  0.95449
  0.99394
  0.98696
  0.99492
  0.97885
  0.98899
  0.99311
  0.99105
  0.99357
  0.97708
  0.99079
  0.99125
  0.99582
  0.99094
  0.99581
  0.98795
  0.99212
  0.99203
  0.99392
  0.99322
  0.97665
  0.98420
  0.97816
  0.99103
  0.98175
  0.97542
  0.97443
  0.99352
  0.98317
  0.96595
  0.99344
  0.97999
  0.97018
  0.99420
  0.96790
  0.98927
  0.99358
  0.99196
  0.99369
  0.97866
  0.97773
  0.98139
  0.98552
  0.99317
  0.98634
  0.99605
  0.99212
  0.98369
  0.98360
  0.99169
  0.95841
  0.98586
  0.97163
  0.97960
  0.98343
  0.98796
  0.98874
  0.99172
  0.99144
  0.98716
  0.99377
  0.97825
  0.99205
  0.98564
  0.95273
  0.98926
  0.99491
  0.98571
  0.97280
  0.98186
  0.97508
  0.97857
  0.99082
  0.98337
  0.99393
  0.98312
  0.98872
  0.96591
  0.98264
  0.99345
  0.98566
  0.97367
  0.99400
  0.99330
  0.97268
  0.98904
  0.99587
  0.99263
  0.99056
  0.97972
  0.99509
  0.99547
  0.98680
  0.99390
  0.99202
  0.98963
  0.98827
  0.96996
  0.97621
  0.99180
  0.97160
  0.97934
  0.99129
  0.97630
  0.97009
  0.99414
  0.99323
  0.98704
  0.97112
  0.99377
  0.97729
  0.99296
  0.99210
  0.96558
  0.98642
  0.98790
  0.98909
  0.99355
  0.97670
  0.97058
  0.98384
  0.98679
  0.97396
  0.99048
  0.98384
  0.98048
  0.99174
  0.98084
  0.99580
  0.97759
  0.98972
  0.97285
  0.99484
  0.97204
  0.99281
  0.97702
  0.99383
  0.96057
  0.97084
  0.98987
  0.99444
  0.97700
  0.97441
  0.97309
  0.97690
  0.96773
  0.99581
  0.96821
  0.99267
  0.99162
  0.98863
  0.98608
  0.99298
  0.98966
  0.98262
  0.97296
  0.99431
  0.98579
  0.99456
  0.98692
  0.99015
  0.98282
  0.99313
  0.98392
  0.98383
  0.99369
  0.97915
  0.99266
  0.98251
  0.99402
  0.96574
  0.98435
  0.97905
  0.97827
  0.98086
  0.99151
  0.99290
  0.98731
  0.96616
  0.98435
  0.98727
  0.97609
  0.99568
  0.96188
  0.98308
  0.98288
  0.98713
  0.98900
  0.95759
  0.99570
  0.97051
  0.99105
  0.95410
  0.99607
  0.98750
  0.96508
  0.97814
  0.98362
  0.98892
  0.99513
  0.97256
  0.97267
  0.99168
  0.98669
  0.98441
  0.99578
  0.98370
  0.99053
  0.98309
  0.96497
  0.99430
  0.98940
  0.96661
  0.99107
  0.98533
  0.98586
  0.98197
  0.98668
  0.98991
  0.99404
  0.99466
  0.98418
  0.98946
  0.98582
  0.98878
  0.98597
  0.99604
  0.98955
  0.98590
  0.98369
  0.98809
  0.97637
  0.99539
  0.98747
  0.96791
  0.99223
  0.98722
  0.98154
  0.96284
  0.98630
  0.98412
  0.99479
  0.99030
  0.98071
  0.98812
  0.99132
  0.96452
  0.99299
  0.98906
  0.99263
  0.99134
  0.99301
  0.98722
  0.98150
  0.98276
  0.97737
  0.99326
  0.99406
  0.97528
  0.97465
  0.98995
  0.98774
  0.97050
  0.98633
  0.98882
  0.98461
  0.97675
  0.99423
  0.96869
  0.98825
  0.97728
  0.97627
  0.99415
  0.99198
  0.99544
  0.99406
  0.95518
  0.99120
  0.97752
  0.98783
  0.98332
  0.96823
  0.99216
  0.98755
  0.98860
  0.98379
  0.98643
  0.97673
  0.99378
  0.99155
  0.99376
  0.96457
  0.98168
  0.98033
  0.98683
  0.99290
  0.99162
  0.99067
  0.98891
  0.97404
  0.97218
  0.99496
  0.98699
  0.98986
  0.98968
  0.98562
  0.98699
  0.98429
  0.99597
  0.97955
  0.97798
  0.98252
  0.97771
  0.96654
  0.98924
  0.97567
  0.95873
  0.99214
  0.98535
  0.98646
  0.96783
  0.97638
  0.98278
  0.99170
  0.99534
  0.98599
  0.99494
  0.99536
  0.97604
  0.99436
  0.99555
  0.99007
  0.99101
  0.97098
  0.99017
  0.96555
  0.99292
  0.99347
  0.98526
  0.99015
  0.96721
  0.96943
  0.98202
  0.97258
  0.98937
  0.98678
  0.99562
  0.98810
  0.99546
  0.99320
  0.99073
  0.99487
  0.98372
  0.98163
  0.99203
  0.99601
  0.96329
  0.98496
  0.99449
  0.99477
  0.97108
  0.98392
  0.99070
  0.99413
  0.98880
  0.98626
  0.98249
  0.98442
  0.96963
  0.96856
  0.98912
  0.98682
  0.97977
  0.97316
  0.99591
  0.98979
  0.98077
  0.96969
  0.98206
  0.97080
  0.97932
  0.99074
  0.98686
  0.97369
  0.98867
  0.97774
  0.96959
  0.99443
  0.99316
  0.98381
  0.98516
  0.99119
  0.99132
  0.98846
  0.98773
  0.94691
  0.97600
  0.97555
  0.99452
  0.99324
  0.97720
  0.98080
  0.99097
  0.99233
  0.97770
  0.98273
  0.98578
  0.95369
  0.98350
  0.99195
  0.98683
  0.98273
  0.98184
  0.98547
  0.99108
  0.99275
  0.99202
  0.99367
  0.98215
  0.99253
  0.99435
  0.97554
  0.98847
  0.98653
  0.99311
  0.99571
  0.99158
  0.98541
  0.98459
  0.97549
  0.98925
  0.97159
  0.99013
  0.98465
  0.97634
  0.99604
  0.99533
  0.98339
  0.98941
  0.98213
  0.99095
  0.98938
  0.97789
  0.98777
  0.99345
  0.98989
  0.98361
  0.99402
  0.99341
  0.98947
  0.97328
  0.98162
  0.99503
  0.98464
  0.98661
  0.98469
  0.97728
  0.99597
  0.99568
  0.99456
  0.99434
  0.98085
  0.97831
  0.98172
  0.96083
  0.98907
  0.98999
  0.97119
  0.99261
  0.97205
  0.96467
  0.96739
  0.96848
  0.97681
  0.99433
  0.98690
  0.98081
  0.98043
  0.99345
  0.98666
  0.99308
  0.97959
  0.99596
  0.96225
  0.97922
  0.97475
  0.98304
  0.97006
  0.99358
  0.99482
  0.98633
  0.99137
  0.99534
  0.99368
  0.97749
  0.99299
  0.99578
  0.96025
  0.99317
  0.97359
  0.99266
  0.99170
  0.99405
  0.99152
  0.99399
  0.98772
  0.99055
  0.98381
  0.99044
  0.97206
  0.97772
  0.98542
  0.98338
  0.98392
  0.99394
  0.98779
  0.98111
  0.96684
  0.98844
  0.98978
  0.98340
  0.97981
  0.97742
  0.99046
  0.97644
  0.99340
  0.98835
  0.97550
  0.97334
  0.99567
  0.98815
  0.99208
  0.99116
  0.98259
  0.99413
  0.98362
  0.98116
  0.99450
  0.98647
  0.97953
  0.99063
  0.99341
  0.96883
  0.97223
  0.99533
  0.97990
  0.99146
  0.97604
  0.99336
  0.99218
  0.97722
  0.97858
  0.98164
  0.98846
  0.99217
  0.98059
  0.98754
  0.98991
  0.99016
  0.98077
  0.98972
  0.98849
  0.99265
  0.98753
  0.97738
  0.97569
  0.98162
  0.99378
  0.97404
  0.98871
  0.99132
  0.99485
  0.97425
  0.99463
  0.99550
  0.98290
  0.98398
  0.99166
  0.99182
  0.99406
  0.95925
  0.98995
  0.98695
  0.98992
  0.98965
  0.98844
  0.98437
  0.98959
  0.97912
  0.96303
  0.96788
  0.99351
  0.98658
  0.97891
  0.97972
  0.97964
  0.98801
  0.99528
  0.97900
  0.99456
  0.98511
  0.99201
  0.98373
  0.98438
  0.99549
  0.97232
  0.99302
  0.98420
  0.98778
  0.98910
  0.99308
  0.97314
  0.98600
  0.99182
  0.99215
  0.99399
  0.97705
