ClNumber             Nds         Clheight   IDs
0001    2   0.070 20 43
0002    2   0.070 5 12
0003    2   0.071 65 79
0004    2   0.071 62 63
0005    2   0.071 66 83
0006    2   0.073 64 71
0007    2   0.074 7 8
0008    2   0.077 44 51
0009    3   0.077 62 63 70
0010    2   0.077 4 11
0011    2   0.080 21 41
0012    3   0.084 66 73 83
0013    2   0.086 42 55
0014    4   0.088 62 63 69 70
0015    3   0.089 44 47 51
0016    2   0.091 22 36
0017    2   0.092 45 56
0018    2   0.093 75 76
0019    2   0.099 48 54
0020    2   0.100 46 52
0021    2   0.104 68 77
0022    4   0.109 64 68 71 77
0023    3   0.110 42 55 57
0024    2   0.110 23 26
0025    3   0.110 2 5 12
0026    4   0.112 45 56 65 79
0027    2   0.113 9 15
0028    2   0.113 33 40
0029    2   0.115 30 31
0030    5   0.120 44 47 48 51 54
0031    5   0.124 45 56 61 65 79
0032    4   0.128 21 33 40 41
0033    3   0.130 4 11 18
0034    5   0.131 66 73 75 76 83
0035    5   0.133 2 5 7 8 12
0036    6   0.140 20 21 33 40 41 43
0037    4   0.147 42 53 55 57
0038    2   0.150 14 24
0039    7   0.152 44 46 47 48 51 52 54
0040    2   0.154 37 60
0041    5   0.163 62 63 69 70 78
0042    2   0.166 10 13
0043    7   0.169 2 5 7 8 9 12 15
0044    2   0.170 16 67
0045    2   0.172 19 25
0046    2   0.174 81 82
0047    6   0.176 45 56 61 65 74 79
0048   10   0.188 20 21 33 40 41 42 43 53 55 57
0049    8   0.190 39 44 46 47 48 51 52 54
0050    4   0.192 22 30 31 36
0051    8   0.198 2 5 7 8 9 12 15 27
0052   10   0.199 62 63 66 69 70 73 75 76 78 83
0053    3   0.201 6 14 24
0054   11   0.203 20 21 33 38 40 41 42 43 53 55 57
0055    8   0.221 37 45 56 60 61 65 74 79
0056    5   0.225 4 10 11 13 18
0057   10   0.225 2 5 7 8 9 12 15 23 26 27
0058    2   0.239 49 50
0059   19   0.255 20 21 33 38 39 40 41 42 43 44 46 47 48 51 52 53 54 55 57
0060    3   0.259 19 25 72
0061    7   0.263 6 14 22 24 30 31 36
0062    6   0.296 64 68 71 77 81 82
0063   12   0.311 16 62 63 66 67 69 70 73 75 76 78 83
0064   21   0.334 20 21 33 38 39 40 41 42 43 44 46 47 48 49 50 51 52 53 54 55 57
0065   17   0.358 2 5 6 7 8 9 12 14 15 22 23 24 26 27 30 31 36
0066    4   0.388 1 19 25 72
0067    2   0.428 34 80
0068   38   0.443 2 5 6 7 8 9 12 14 15 20 21 22 23 24 26 27 30 31 33 36 38 39 40 41 42 43 44 46 47 48 49 50 51 52 53 54 55 57
0069   18   0.448 16 62 63 64 66 67 68 69 70 71 73 75 76 77 78 81 82 83
0070   39   0.458 2 5 6 7 8 9 12 14 15 20 21 22 23 24 26 27 29 30 31 33 36 38 39 40 41 42 43 44 46 47 48 49 50 51 52 53 54 55 57
0071    5   0.487 1 3 19 25 72
0072   44   0.496 2 4 5 6 7 8 9 10 11 12 13 14 15 18 20 21 22 23 24 26 27 29 30 31 33 36 38 39 40 41 42 43 44 46 47 48 49 50 51 52 53 54 55 57
0073   13   0.559 1 3 19 25 37 45 56 60 61 65 72 74 79
0074    3   0.561 17 34 80
0075   16   0.584 1 3 17 19 25 34 37 45 56 60 61 65 72 74 79 80
0076   34   0.595 1 3 16 17 19 25 34 37 45 56 60 61 62 63 64 65 66 67 68 69 70 71 72 73 74 75 76 77 78 79 80 81 82 83
0077    2   0.677 28 35
0078   35   0.796 1 3 16 17 19 25 34 37 45 56 58 60 61 62 63 64 65 66 67 68 69 70 71 72 73 74 75 76 77 78 79 80 81 82 83
0079    2   0.825 32 59
0080    4   0.966 28 32 35 59
0081   79   1.080 1 2 3 4 5 6 7 8 9 10 11 12 13 14 15 16 17 18 19 20 21 22 23 24 25 26 27 29 30 31 33 34 36 37 38 39 40 41 42 43 44 45 46 47 48 49 50 51 52 53 54 55 56 57 58 60 61 62 63 64 65 66 67 68 69 70 71 72 73 74 75 76 77 78 79 80 81 82 83
0082   83   1.214 1 2 3 4 5 6 7 8 9 10 11 12 13 14 15 16 17 18 19 20 21 22 23 24 25 26 27 28 29 30 31 32 33 34 35 36 37 38 39 40 41 42 43 44 45 46 47 48 49 50 51 52 53 54 55 56 57 58 59 60 61 62 63 64 65 66 67 68 69 70 71 72 73 74 75 76 77 78 79 80 81 82 83
