cc_threshold: 0.0
ndata      mean       std        median     alpha      loc        scale     
       946 0.9790 0.0163 0.9839 -7.3603 0.9952 0.0153
       561 0.9567 0.0458 0.9789 -4122.9066 0.9961 0.0147
      1896 0.9039 0.1120 0.9537 -3.2714 0.9832 0.0126

cc_threshold: 0.8
ndata      mean       std        median     alpha      loc        scale     
       946 0.9790 0.0163 0.9839 -7.3603 0.9952 0.0153
       561 0.9567 0.0458 0.9789 -4122.9066 0.9961 0.0147
      1599 0.9465 0.0430 0.9617 -5.9083 0.9875 0.0267

cc_threshold: 0.9165
ndata      mean       std        median     alpha      loc        scale     
       939 0.9796 0.0146 0.9841 2.3323 0.9760 0.0255
       464 0.9746 0.0212 0.9833 -1.4934 1.0097 0.0228
      1301 0.9640 0.0185 0.9680 2.0305 0.9494 0.0486
cc_threshold: 0.2
ndata      mean       std        median     alpha      loc        scale     
       946 0.9790 0.0163 0.9839 -7.3603 0.9952 0.0153
       561 0.9567 0.0458 0.9789 -4122.9066 0.9961 0.0147
      1896 0.9039 0.1120 0.9537 -3.2714 0.9832 0.0126

cc_threshold: 0.8
ndata      mean       std        median     alpha      loc        scale     
       946 0.9790 0.0163 0.9839 -7.3603 0.9952 0.0153
       561 0.9567 0.0458 0.9789 -4122.9066 0.9961 0.0147
      1599 0.9465 0.0430 0.9617 -5.9083 0.9875 0.0267
cc_threshold: 0.8
ndata      mean       std        median     alpha      loc        scale     
       946 0.9790 0.0163 0.9839 -7.3603 0.9952 0.0153
       561 0.9567 0.0458 0.9789 -4122.9066 0.9961 0.0147
      1599 0.9465 0.0430 0.9617 -5.9083 0.9875 0.0267
cc_threshold: 0.8
ndata      mean       std        median     alpha      loc        scale     
       946 0.9790 0.0163 0.9839 -7.3603 0.9952 0.0153
       561 0.9567 0.0458 0.9789 -4122.9066 0.9961 0.0147
      1599 0.9465 0.0430 0.9617 -5.9083 0.9875 0.0267
cc_threshold: 0.8
ndata      mean       std        median     alpha      loc        scale     
       946 0.9790 0.0163 0.9839 -7.3603 0.9952 0.0153
       561 0.9567 0.0458 0.9789 -4122.9066 0.9961 0.0147
      1599 0.9465 0.0430 0.9617 -5.9083 0.9875 0.0267
cc_threshold: 0.8
ndata      mean       std        median     alpha      loc        scale     
       946 0.9790 0.0163 0.9839 -7.3603 0.9952 0.0153
       561 0.9567 0.0458 0.9789 -4122.9066 0.9961 0.0147
      1599 0.9465 0.0430 0.9617 -5.9083 0.9875 0.0267
cc_threshold: 0.8
ndata      mean       std        median     alpha      loc        scale     
       946 0.9790 0.0163 0.9839 -7.3603 0.9952 0.0153
       561 0.9567 0.0458 0.9789 -4122.9066 0.9961 0.0147
      1599 0.9465 0.0430 0.9617 -5.9083 0.9875 0.0267
cc_threshold: 0.8
ndata      mean       std        median     alpha      loc        scale     
       946 0.9790 0.0163 0.9839 -7.3603 0.9952 0.0153
       561 0.9567 0.0458 0.9789 -4122.9066 0.9961 0.0147
      1599 0.9465 0.0430 0.9617 -5.9083 0.9875 0.0267
cc_threshold: 0.8
ndata      mean       std        median     alpha      loc        scale     
       946 0.9790 0.0163 0.9839 -7.3603 0.9952 0.0153
       561 0.9567 0.0458 0.9789 -4122.9066 0.9961 0.0147
      1599 0.9465 0.0430 0.9617 -5.9083 0.9875 0.0267
cc_threshold: 0.8
ndata      mean       std        median     alpha      loc        scale     
       946 0.9790 0.0163 0.9839 -5.2861 0.9944 0.0125
       561 0.9567 0.0458 0.9789 0.0000 0.0000 0.0000
      1599 0.9465 0.0430 0.9617 -5.1258 0.9864 0.0223
cc_threshold: 0.8
ndata      mean       std        median     alpha      loc        scale     
       946 0.9790 0.0163 0.9839 -4.5850 0.9940 0.0109
       561 0.9567 0.0458 0.9789 0.0000 0.0000 0.0000
      1599 0.9465 0.0430 0.9617 -4.4775 0.9856 0.0196
cc_threshold: 0.8
ndata      mean       std        median     alpha      loc        scale     
       946 0.9790 0.0163 0.9839 -7.3603 0.9952 0.0153
       561 0.9567 0.0458 0.9789 -4122.9066 0.9961 0.0147
      1599 0.9465 0.0430 0.9617 -5.9083 0.9875 0.0267
cc_threshold: 0.8
ndata      mean       std        median     alpha      loc        scale     
       946 0.9790 0.0163 0.9839 -7.4094 0.9950 0.0141
       561 0.9567 0.0458 0.9789 0.0000 0.0000 0.0000
      1599 0.9465 0.0430 0.9617 -5.6125 0.9870 0.0244
cc_threshold: 0.8
ndata      mean       std        median     alpha      loc        scale     
       946 0.9790 0.0163 0.9839 -2.2134 0.9982 0.0180
       561 0.9567 0.0458 0.9789 -2.7716 1.0001 0.0176
      1599 0.9465 0.0430 0.9617 -7.3619 0.9892 0.0348
cc_threshold: 0.8
ndata      mean       std        median     alpha      loc        scale     
       946 0.9790 0.0163 0.9839 2.0627 0.9765 0.0232
       561 0.9567 0.0458 0.9789 -1.8061 1.0037 0.0194
      1599 0.9465 0.0430 0.9617 -6.9222 0.9909 0.0414
cc_threshold: 0.8
ndata      mean       std        median     alpha      loc        scale     
       946 0.9790 0.0163 0.9839 -5334.4027 70.2260 0.0270
       561 0.9567 0.0458 0.9789 1855.4467 -66.8169 0.0761
      1599 0.9465 0.0430 0.9617 -1955.4170 68.0038 0.0684
cc_threshold: 0.8
ndata      mean       std        median     alpha      loc        scale     
       946 0.9790 0.0163 0.9839 -2.9640 0.9927 0.0074
       561 0.9567 0.0458 0.9789 0.0000 0.0000 0.0000
      1599 0.9465 0.0430 0.9617 -3.0575 0.9832 0.0133
cc_threshold: 0.8
ndata      mean       std        median     alpha      loc        scale     
       946 0.9790 0.0163 0.9839 0.0000 0.0000 0.0000
       561 0.9567 0.0458 0.9789 0.0753 0.9914 0.0022
      1599 0.9465 0.0430 0.9617 -2.7597 0.9820 0.0104
cc_threshold: 0.8
ndata      mean       std        median     alpha      loc        scale     
       946 0.9790 0.0163 0.9839 -4.5850 0.9940 0.0109
       561 0.9567 0.0458 0.9789 0.0000 0.0000 0.0000
      1599 0.9465 0.0430 0.9617 -4.4775 0.9856 0.0196
cc_threshold: 0.8
ndata      mean       std        median     alpha      loc        scale     
       946 0.9790 0.0163 0.9839 -4.1869 0.9936 0.0095
       561 0.9567 0.0458 0.9789 0.0000 0.0000 0.0000
      1599 0.9465 0.0430 0.9617 -3.7278 0.9845 0.0163
cc_threshold: 0.8
ndata      mean       std        median     alpha      loc        scale     
       946 0.9790 0.0163 0.9839 -4.5112 0.9938 0.0099
       561 0.9567 0.0458 0.9789 0.0000 0.0000 0.0000
      1599 0.9465 0.0430 0.9617 -3.9978 0.9850 0.0174

bin_div = 18
cc_threshold: 0.8
ndata      mean       std        median     alpha      loc        scale     
       946 0.9790 0.0163 0.9839 -3.1591 0.9929 0.0080
       561 0.9567 0.0458 0.9789 0.0036 0.9891 0.0051
      1599 0.9465 0.0430 0.9617 -3.3783 0.9840 0.0146
cc_threshold: 0.8
ndata      mean       std        median     alpha      loc        scale     
       946 0.9790 0.0163 0.9839 0.0000 0.0000 0.0000
       561 0.9567 0.0458 0.9789 0.0000 0.0000 0.0000
      1599 0.9465 0.0430 0.9617 -3.3587 0.9832 0.0120
cc_threshold: 0.8
ndata      mean       std        median     alpha      loc        scale     
       946 0.9790 0.0163 0.9839 0.0000 0.0000 0.0000
       561 0.9567 0.0458 0.9789 0.0753 0.9914 0.0022
      1599 0.9465 0.0430 0.9617 -2.7597 0.9820 0.0104
cc_threshold: 0.8
ndata      mean       std        median     alpha      loc        scale     
       946 0.9790 0.0163 0.9839 0.0000 0.0000 0.0000
       561 0.9567 0.0458 0.9789 0.0000 0.0000 0.0000
      1599 0.9465 0.0430 0.9617 -2.9625 0.9828 0.0120
cc_threshold: 0.8
ndata      mean       std        median     alpha      loc        scale     
       946 0.9790 0.0163 0.9839 -3.6494 0.9933 0.0086
       561 0.9567 0.0458 0.9789 0.0000 0.0000 0.0000
      1599 0.9465 0.0430 0.9617 -3.6384 0.9844 0.0158
cc_threshold: 0.8
ndata      mean       std        median     alpha      loc        scale     
       946 0.9790 0.0163 0.9839 -4.5112 0.9938 0.0099
       561 0.9567 0.0458 0.9789 0.0000 0.0000 0.0000
      1599 0.9465 0.0430 0.9617 -3.9978 0.9850 0.0174
cc_threshold: 0.8
ndata      mean       std        median     alpha      loc        scale     
       946 0.9790 0.0163 0.9839 -4.5850 0.9940 0.0109
       561 0.9567 0.0458 0.9789 0.0000 0.0000 0.0000
      1599 0.9465 0.0430 0.9617 -4.4775 0.9856 0.0196
cc_threshold: 0.8
ndata      mean       std        median     alpha      loc        scale     
       946 0.9790 0.0163 0.9839 -5.2861 0.9944 0.0125
       561 0.9567 0.0458 0.9789 0.0000 0.0000 0.0000
      1599 0.9465 0.0430 0.9617 -5.1258 0.9864 0.0223
cc_threshold: 0.8
ndata      mean       std        median     alpha      loc        scale     
       946 0.9790 0.0163 0.9839 -7.3603 0.9952 0.0153
       561 0.9567 0.0458 0.9789 -4122.9066 0.9961 0.0147
      1599 0.9465 0.0430 0.9617 -5.9083 0.9875 0.0267
cc_threshold: 0.8
ndata      mean       std        median     alpha      loc        scale     
       946 0.9790 0.0163 0.9839 -7.3603 0.9952 0.0153
       561 0.9567 0.0458 0.9789 -4122.9066 0.9961 0.0147
      1599 0.9465 0.0430 0.9617 -5.9083 0.9875 0.0267
cc_threshold: 0.6
ndata      mean       std        median     alpha      loc        scale     
       946 0.9790 0.0163 0.9839 -7.3603 0.9952 0.0153
         0 nan nan nan 0.0000 0.0000 0.0000
      2401 0.9248 0.0857 0.9598 -4.5224 0.9900 0.0184
cc_threshold: 0.6
ndata      mean       std        median     alpha      loc        scale     
       946 0.9790 0.0163 0.9839 -5.2861 0.9944 0.0125
         0 nan nan nan 0.0000 0.0000 0.0000
      2401 0.9248 0.0857 0.9598 -3.8461 0.9892 0.0160
cc_threshold: 0.6
ndata      mean       std        median     alpha      loc        scale     
       946 0.9790 0.0163 0.9839 -5.2861 0.9944 0.0125
         0 nan nan nan 0.0000 0.0000 0.0000
      2401 0.9248 0.0857 0.9598 -3.8461 0.9892 0.0160
cc_threshold: 0.6
ndata      mean       std        median     alpha      loc        scale     
       946 0.9790 0.0163 0.9839 -2.9640 0.9927 0.0074
         0 nan nan nan 0.0000 0.0000 0.0000
      2401 0.9248 0.0857 0.9598 0.0248 0.9791 0.0067
cc_threshold: 0.6
ndata      mean       std        median     alpha      loc        scale     
       946 0.9790 0.0163 0.9839 0.0000 0.0000 0.0000
         0 nan nan nan 0.0000 0.0000 0.0000
      2401 0.9248 0.0857 0.9598 0.0431 0.9796 0.0055
cc_threshold: 0.6
ndata      mean       std        median     alpha      loc        scale     
       946 0.9790 0.0163 0.9839 0.0000 0.0000 0.0000
         0 nan nan nan 0.0000 0.0000 0.0000
      2401 0.9248 0.0857 0.9598 0.0000 0.0000 0.0000
cc_threshold: 0.6
ndata      mean       std        median     alpha      loc        scale     
       946 0.9790 0.0163 0.9839 0.0000 0.0000 0.0000
         0 nan nan nan 0.0000 0.0000 0.0000
      2401 0.9248 0.0857 0.9598 -1.5624 0.9846 0.0076
cc_threshold: 0.6
ndata      mean       std        median     alpha      loc        scale     
       946 0.9790 0.0163 0.9839 0.0000 0.0000 0.0000
         0 nan nan nan 0.0000 0.0000 0.0000
      2401 0.9248 0.0857 0.9598 -1.5624 0.9846 0.0076
cc_threshold: 0.6
ndata      mean       std        median     alpha      loc        scale     
       946 0.9790 0.0163 0.9839 -5.2861 0.9944 0.0125
         0 nan nan nan 0.0000 0.0000 0.0000
      2401 0.9248 0.0857 0.9598 -3.8461 0.9892 0.0160
cc_threshold: 0.5
ndata      mean       std        median     alpha      loc        scale     
       946 0.9790 0.0163 0.9839 -5.2861 0.9944 0.0125
         0 nan nan nan 0.0000 0.0000 0.0000
      2442 0.9187 0.0969 0.9591 -3.2167 0.9882 0.0137
cc_threshold: 0.4
ndata      mean       std        median     alpha      loc        scale     
       946 0.9790 0.0163 0.9839 -5.2861 0.9944 0.0125
         0 nan nan nan 0.0000 0.0000 0.0000
      2455 0.9164 0.1020 0.9589 -0.0179 0.9789 0.0076
cc_threshold: 0.3
ndata      mean       std        median     alpha      loc        scale     
       946 0.9790 0.0163 0.9839 -5.2861 0.9944 0.0125
         0 nan nan nan 0.0000 0.0000 0.0000
      2457 0.9159 0.1032 0.9589 -2.5532 0.9871 0.0113
cc_threshold: 0.8
ndata      mean       std        median     alpha      loc        scale     
       946 0.9790 0.0163 0.9839 -5.2861 0.9944 0.0125
         0 nan nan nan 0.0000 0.0000 0.0000
      2160 0.9491 0.0440 0.9643 -6.2043 0.9917 0.0242
cc_threshold: 0.8
ndata      mean       std        median     alpha      loc        scale     
       946 0.9790 0.0163 0.9839 -5.2861 0.9944 0.0125
        10 0.9368 0.0391 0.9452 0.0000 0.0000 0.0000
      2150 0.9492 0.0440 0.9644 -6.2183 0.9917 0.0241
cc_threshold: 0.8
ndata      mean       std        median     alpha      loc        scale     
       946 0.9790 0.0163 0.9839 -5.2861 0.9944 0.0125
       561 0.9567 0.0458 0.9789 0.0000 0.0000 0.0000
      1599 0.9465 0.0430 0.9617 -5.1258 0.9864 0.0223
cc_threshold: 0.8
ndata      mean       std        median     alpha      loc        scale     
       946 0.9790 0.0163 0.9839 -5.2861 0.9944 0.0125
       561 0.9567 0.0458 0.9789 0.0000 0.0000 0.0000
      1599 0.9465 0.0430 0.9617 -5.1258 0.9864 0.0223
cc_threshold: 0.8
ndata      mean       std        median     alpha      loc        scale     
       946 0.9790 0.0163 0.9839 -7.3603 0.9952 0.0153
       561 0.9567 0.0458 0.9789 -4122.9066 0.9961 0.0147
      1599 0.9465 0.0430 0.9617 -5.9083 0.9875 0.0267
cc_threshold: 0.8
ndata      mean       std        median     alpha      loc        scale     
       946 0.9790 0.0163 0.9839 -5.2861 0.9944 0.0125
       561 0.9567 0.0458 0.9789 0.0000 0.0000 0.0000
      1599 0.9465 0.0430 0.9617 -5.1258 0.9864 0.0223
cc_threshold: 0.8
ndata      mean       std        median     alpha      loc        scale     
       946 0.9790 0.0163 0.9839 -4.5850 0.9940 0.0109
       561 0.9567 0.0458 0.9789 0.0000 0.0000 0.0000
      1599 0.9465 0.0430 0.9617 -4.4775 0.9856 0.0196
cc_threshold: 0.8
ndata      mean       std        median     alpha      loc        scale     
       946 0.9790 0.0163 0.9839 -7.3603 0.9952 0.0153
       561 0.9567 0.0458 0.9789 -4122.9066 0.9961 0.0147
      1599 0.9465 0.0430 0.9617 -5.9083 0.9875 0.0267
cc_threshold: 0.6
ndata      mean       std        median     alpha      loc        scale     
       946 0.9790 0.0163 0.9839 -7.3603 0.9952 0.0153
       561 0.9567 0.0458 0.9789 -4122.9066 0.9961 0.0147
      1840 0.9151 0.0924 0.9555 -3.9120 0.9849 0.0173
