   i    j      cc  nref
   0    1  0.8834 2871
   0    2  0.8662 2772
   0    3  0.9259 2478
   0    4  0.9322 1229
   0    5  0.9108 2940
   0    6  0.9076 3824
   0    7  0.9388 4340
   0    8  0.9458 2751
   0    9  0.8996 2772
   0   10  0.9211 2493
   0   11  0.9295 1232
   0   12  0.9080 2759
   0   13  0.9450 1847
   0   14  0.9440 2446
   0   15  0.9398 1238
   0   16  0.8494 3459
   0   17  0.9396 2002
   0   18  0.9456 3640
   0   19  0.9349 2096
   0   20  0.9436 3312
   0   21  0.9368 3667
   0   22  0.9329 2706
   0   23  0.9347 1862
   0   24  0.9295 2611
   0   25  0.9466 3714
   0   26  0.9398 2735
   0   27  0.6585 1768
   0   28  0.8935 2011
   0   29  0.9340 3257
   0   30  0.9375 3694
   0   31  0.7904 2693
   0   32  0.9470 1835
   0   33  0.8270 2965
   0   34  0.5928 2987
   0   35  0.9585 1363
   0   36  0.9095 2600
   0   37  0.9533 3609
   0   38  0.9089 5308
   0   39  0.9146 2796
   0   40  0.9294 1132
   0   41  0.9486 1830
   0   42  0.9507 2474
   0   43  0.9342 3608
   0   44  0.9231 1132
   0   45  0.9440 5205
   0   46  0.9184 2806
   0   47  0.9355 1120
   0   48  0.8958 1792
   0   49  0.9310 2398
   0   50  0.9219 3611
   0   51  0.9259 5295
   0   52  0.9208 2771
   0   53  0.9439 1112
   0   54  0.9480 1811
   0   55  0.9596 1796
   0   56  0.9552 2416
   0   57  0.6331 3480
   0   58  0.7788 4709
   0   59  0.8937 2369
   0   60  0.8654 2571
   0   61  0.9267 4136
   0   62  0.9337 4063
   0   63  0.9460 1814
   0   64  0.9770 1099
   0   65  0.9352 1692
   0   66  0.9269 2610
   0   67  0.9472 1846
   0   68  0.9072 4116
   0   69  0.9281 3846
   0   70  0.9578 1701
   0   71  0.9448 1071
   0   72  0.9154 1685
   0   73  0.8509 2541
   0   74  0.9042 4086
   0   75  0.9088 3726
   0   76  0.9384 1558
   0   77  0.9796 1047
   0   78  0.9676 1086
   0   79  0.9119 1737
   0   80  0.9384 2625
   0   81  0.8887 4000
   0   82  0.9192 1658
   1    2  0.9279 1951
   1    3  0.9793 2601
   1    4  0.9946 2719
   1    5  0.9669  999
   1    6  0.9955 4939
   1    7  0.9925 2143
   1    8  0.9916 1777
   1    9  0.9758 1947
   1   10  0.9696 2615
   1   11  0.9950 2752
   1   12  0.9682 1947
   1   13  0.9812  804
   1   14  0.9939 2557
   1   15  0.9795 2674
   1   16  0.8887 4449
   1   17  0.9788 1430
   1   18  0.9563 1914
   1   19  0.9919 4054
   1   20  0.9911 4744
   1   21  0.9848 1952
   1   22  0.9883 1188
   1   23  0.9806  989
   1   24  0.9772 1127
   1   25  0.9866 1964
   1   26  0.9837 1177
   1   27  0.7818  894
   1   28  0.9613 4028
   1   29  0.9879 4742
   1   30  0.9864 1954
   1   31  0.7403 1154
   1   32  0.9757  951
   1   33  0.9171 2735
   1   34  0.7900 3926
   1   35  0.9835 1571
   1   36  0.9351 4635
   1   37  0.9741 1999
   1   38  0.9773 3308
   1   39  0.9870 4998
   1   40  0.9912 2413
   1   41  0.9879 1676
   1   42  0.9847 1741
   1   43  0.9902 2019
   1   44  0.9771 2373
   1   45  0.9866 3234
   1   46  0.9896 5017
   1   47  0.9895 2414
   1   48  0.9441 1619
   1   49  0.9779 1716
   1   50  0.9891 1986
   1   51  0.9891 3321
   1   52  0.9814 5022
   1   53  0.9893 2387
   1   54  0.9818 1653
   1   55  0.9806 1641
   1   56  0.9841 1695
   1   57  0.7768 1884
   1   58  0.6314 2923
   1   59  0.9827 1687
   1   60  0.9729 1400
   1   61  0.9736 3232
   1   62  0.9523 4547
   1   63  0.9508 3433
   1   64  0.9738 1665
   1   65  0.9823 1275
   1   66  0.9664 1413
   1   67  0.9319 3449
   1   68  0.9679 3220
   1   69  0.9471 4361
   1   70  0.9438 3268
   1   71  0.9439 1574
   1   72  0.9780 1260
   1   73  0.9616 1347
   1   74  0.9604 3221
   1   75  0.9398 4304
   1   76  0.9279 3029
   1   77  0.9729 1507
   1   78  0.9731 1662
   1   79  0.9067 1266
   1   80  0.9696 1420
   1   81  0.9273 3224
   1   82  0.9814 1294
   2    3  0.9543 2931
   2    4  0.8552  926
   2    5  0.8699 3635
   2    6  0.9294 2644
   2    7  0.8933 3258
   2    8  0.9101 3599
   2    9  0.8585 7693
   2   10  0.9519 2967
   2   11  0.8605  944
   2   12  0.8516 7696
   2   13  0.9279 5379
   2   14  0.9793 2938
   2   15  0.8008  913
   2   16  0.8621 2365
   2   17  0.9531 3406
   2   18  0.8762 2628
   2   19  0.9343 1443
   2   20  0.9033 1955
   2   21  0.8839 2643
   2   22  0.9415 3544
   2   23  0.9452 3241
   2   24  0.9321 3456
   2   25  0.9105 2659
   2   26  0.9093 3566
   2   27  0.4613 3193
   2   28  0.8881 1412
   2   29  0.8888 1928
   2   30  0.9161 2647
   2   31  0.6623 3513
   2   32  0.9651 3211
   2   33  0.8445 2375
   2   34  0.6261 1719
   2   35  0.9646 1829
   2   36  0.9179 1971
   2   37  0.8905 4084
   2   38  0.9273 3106
   2   39  0.9307 2117
   2   40  0.9162 1191
   2   41  0.9729 2495
   2   42  0.9306 4762
   2   43  0.9125 4122
   2   44  0.9141 1174
   2   45  0.9319 3025
   2   46  0.9338 2124
   2   47  0.8910 1181
   2   48  0.9651 2482
   2   49  0.9058 4640
   2   50  0.9141 4068
   2   51  0.9278 3095
   2   52  0.9400 2107
   2   53  0.9114 1173
   2   54  0.9720 2483
   2   55  0.9706 2440
   2   56  0.9240 4703
   2   57  0.7936 3969
   2   58  0.6535 2652
   2   59  0.8724 4602
   2   60  0.8029 3211
   2   61  0.9141 2943
   2   62  0.9234 2380
   2   63  0.8713 1895
   2   64  0.9609 2112
   2   65  0.9319 2783
   2   66  0.8834 3208
   2   67  0.8391 1910
   2   68  0.9090 2880
   2   69  0.9194 2222
   2   70  0.8574 1826
   2   71  0.9468 2091
   2   72  0.9227 2796
   2   73  0.8012 3088
   2   74  0.9070 2809
   2   75  0.9189 2126
   2   76  0.8500 1723
   2   77  0.9472 2031
   2   78  0.9588 2116
   2   79  0.8798 2826
   2   80  0.8707 3114
   2   81  0.8923 2774
   2   82  0.9289 2728
   3    4  0.9943 3503
   3    5  0.9598 2173
   3    6  0.9794 3870
   3    7  0.9771 2175
   3    8  0.9796 1443
   3    9  0.9838 2953
   3   10  0.9970 7837
   3   11  0.9955 3519
   3   12  0.9866 2886
   3   13  0.9778 2722
   3   14  0.9723 7756
   3   15  0.9739 3538
   3   16  0.8926 3539
   3   17  0.9936 5832
   3   18  0.9456 1913
   3   19  0.9814 2403
   3   20  0.9776 1820
   3   21  0.9804 1905
   3   22  0.9769 3013
   3   23  0.9824 4798
   3   24  0.9550 2911
   3   25  0.9715 1925
   3   26  0.9787 3006
   3   27  0.5517 4606
   3   28  0.9135 2272
   3   29  0.9730 1793
   3   30  0.9838 1921
   3   31  0.6836 2944
   3   32  0.9681 4736
   3   33  0.8668 2288
   3   34  0.8209 1456
   3   35  0.9726 4919
   3   36  0.9522 2751
   3   37  0.9711 2088
   3   38  0.9736 2031
   3   39  0.9742 2903
   3   40  0.9829 3841
   3   41  0.9822 5371
   3   42  0.9777 3694
   3   43  0.9876 2091
   3   44  0.9653 3816
   3   45  0.9842 2015
   3   46  0.9824 2908
   3   47  0.9818 3794
   3   48  0.9783 5281
   3   49  0.9509 3591
   3   50  0.9813 2079
   3   51  0.9836 2035
   3   52  0.9790 2879
   3   53  0.9826 3783
   3   54  0.9815 5310
   3   55  0.9725 5247
   3   56  0.9731 3608
   3   57  0.7779 2012
   3   58  0.6759 1812
   3   59  0.9554 3565
   3   60  0.9610 2404
   3   61  0.9627 2030
   3   62  0.9534 1920
   3   63  0.9519 3276
   3   64  0.9672 5221
   3   65  0.9704 4007
   3   66  0.9464 2360
   3   67  0.9439 3253
   3   68  0.9566 1975
   3   69  0.9545 1819
   3   70  0.9504 3228
   3   71  0.9317 5149
   3   72  0.9638 3950
   3   73  0.9468 2245
   3   74  0.9595 1968
   3   75  0.9516 1779
   3   76  0.9378 3077
   3   77  0.9616 5081
   3   78  0.9615 5202
   3   79  0.9147 3909
   3   80  0.9505 2243
   3   81  0.9431 1893
   3   82  0.9633 3998
   4    5  0.9820  856
   4    6  0.9933 3043
   4    7  0.9942  762
   4    8  0.9888  586
   4    9  0.9784  935
   4   10  0.9874 3531
   4   11  0.9975 5778
   4   12  0.9742  916
   4   13  0.9881 1007
   4   14  0.9863 3419
   4   15  0.9796 5733
   4   16  0.9305 2800
   4   17  0.9802 2630
   4   18  0.9712  969
   4   19  0.9907 3974
   4   20  0.9939 1865
   4   21  0.9862  967
   4   22  0.9911 1195
   4   23  0.9888 2071
   4   24  0.9795 1143
   4   25  0.9848  987
   4   26  0.9859 1174
   4   27  0.6596 1923
   4   28  0.9292 3883
   4   29  0.9858 1843
   4   30  0.9879  983
   4   31  0.6737 1149
   4   32  0.9835 2015
   4   33  0.8124 2251
   4   34  0.8085 1406
   4   35  0.9876 4217
   4   36  0.9540 3046
   4   37  0.9765  842
   4   38  0.9790 1101
   4   39  0.9824 3205
   4   40  0.9901 5349
   4   41  0.9838 2426
   4   42  0.9867 1088
   4   43  0.9922  832
   4   44  0.9699 5276
   4   45  0.9859 1080
   4   46  0.9918 3202
   4   47  0.9853 5352
   4   48  0.9566 2366
   4   49  0.9703 1056
   4   50  0.9900  827
   4   51  0.9888 1090
   4   52  0.9892 3209
   4   53  0.9848 5328
   4   54  0.9788 2385
   4   55  0.9737 2359
   4   56  0.9806 1040
   4   57  0.7528  759
   4   58  0.6235  996
   4   59  0.9758 1042
   4   60  0.9741  969
   4   61  0.9783 1493
   4   62  0.9593 2239
   4   63  0.9584 3930
   4   64  0.9691 3951
   4   65  0.9694 1893
   4   66  0.9674  963
   4   67  0.9496 3850
   4   68  0.9713 1466
   4   69  0.9588 2126
   4   70  0.9560 3848
   4   71  0.9368 3852
   4   72  0.9647 1859
   4   73  0.9614  924
   4   74  0.9701 1454
   4   75  0.9582 2114
   4   76  0.9484 3676
   4   77  0.9630 3746
   4   78  0.9639 3934
   4   79  0.8928 1820
   4   80  0.9739  944
   4   81  0.8986 1434
   4   82  0.9644 1920
   5    6  0.9683 1898
   5    7  0.9703 4257
   5    8  0.9764 4234
   5    9  0.9605 3649
   5   10  0.9576 2177
   5   11  0.9813  856
   5   12  0.9602 3634
   5   13  0.9845 3196
   5   14  0.9826 2165
   5   15  0.9726  871
   5   16  0.8837 1734
   5   17  0.9717 2073
   5   18  0.9247 2595
   5   19  0.9689 1090
   5   20  0.9816 1575
   5   21  0.9716 2619
   5   22  0.9727 3496
   5   23  0.9791 2779
   5   24  0.9777 3401
   5   25  0.9684 2638
   5   26  0.9660 3512
   5   27  0.7650 2742
   5   28  0.8945 1038
   5   29  0.9748 1554
   5   30  0.9762 2618
   5   31  0.7228 3466
   5   32  0.9841 2764
   5   33  0.9517 3625
   5   34  0.5552 1489
   5   35  0.9825 1496
   5   36  0.9314  998
   5   37  0.9612 4993
   5   38  0.9770 2877
   5   39  0.9725 1068
   5   40  0.9852  901
   5   41  0.9828 2086
   5   42  0.9877 3555
   5   43  0.9810 5045
   5   44  0.9782  895
   5   45  0.9814 2821
   5   46  0.9710 1070
   5   47  0.9838  888
   5   48  0.9714 2068
   5   49  0.9694 3476
   5   50  0.9837 4985
   5   51  0.9804 2852
   5   52  0.9496 1053
   5   53  0.9860  886
   5   54  0.9846 2056
   5   55  0.9840 2047
   5   56  0.9876 3504
   5   57  0.8266 4908
   5   58  0.6397 2468
   5   59  0.9802 3436
   5   60  0.9765 2846
   5   61  0.9705 2845
   5   62  0.9697 1849
   5   63  0.9628 1410
   5   64  0.9846 1683
   5   65  0.9825 2748
   5   66  0.9596 2835
   5   67  0.9506 1408
   5   68  0.9703 2790
   5   69  0.9626 1726
   5   70  0.9611 1357
   5   71  0.9553 1690
   5   72  0.9784 2772
   5   73  0.9549 2737
   5   74  0.9643 2696
   5   75  0.9528 1653
   5   76  0.9488 1279
   5   77  0.9710 1687
   5   78  0.9819 1681
   5   79  0.9231 2815
   5   80  0.9633 2741
   5   81  0.9436 2635
   5   82  0.9803 2710
   6    7  0.9973 2994
   6    8  0.9945 1738
   6    9  0.9863 2656
   6   10  0.9690 3878
   6   11  0.9948 3074
   6   12  0.9791 2640
   6   13  0.9842 1515
   6   14  0.9917 3790
   6   15  0.9596 2994
   6   16  0.8785 7175
   6   17  0.9834 3333
   6   18  0.9460 2304
   6   19  0.9880 4617
   6   20  0.9908 3602
   6   21  0.9913 2329
   6   22  0.9892 2020
   6   23  0.9805 1976
   6   24  0.9741 1950
   6   25  0.9899 2349
   6   26  0.9890 2025
   6   27  0.7399 1892
   6   28  0.9436 4520
   6   29  0.9901 3594
   6   30  0.9955 2333
   6   31  0.7832 1989
   6   32  0.9663 1959
   6   33  0.9124 3170
   6   34  0.7414 3007
   6   35  0.9861 3127
   6   36  0.9275 5531
   6   37  0.9692 2486
   6   38  0.9723 4143
   6   39  0.9815 5876
   6   40  0.9790 2735
   6   41  0.9850 2400
   6   42  0.9879 2457
   6   43  0.9887 2515
   6   44  0.9489 2678
   6   45  0.9873 4066
   6   46  0.9882 5901
   6   47  0.9827 2727
   6   48  0.9560 2357
   6   49  0.9718 2377
   6   50  0.9853 2490
   6   51  0.9867 4162
   6   52  0.9774 5860
   6   53  0.9801 2709
   6   54  0.9806 2369
   6   55  0.9721 2343
   6   56  0.9789 2381
   6   57  0.7542 2381
   6   58  0.6972 3679
   6   59  0.9705 2345
   6   60  0.9665 1961
   6   61  0.9515 2989
   6   62  0.9414 4529
   6   63  0.9398 5014
   6   64  0.9555 2487
   6   65  0.9566 1867
   6   66  0.9537 1965
   6   67  0.9196 5028
   6   68  0.9459 2970
   6   69  0.9326 4347
   6   70  0.9356 4832
   6   71  0.9050 2370
   6   72  0.9524 1836
   6   73  0.9522 1888
   6   74  0.9370 2959
   6   75  0.9219 4262
   6   76  0.9209 4562
   6   77  0.9586 2265
   6   78  0.9473 2487
   6   79  0.8732 1858
   6   80  0.9505 1949
   6   81  0.9301 2945
   6   82  0.9465 1853
   7    8  0.9935 3816
   7    9  0.9442 3246
   7   10  0.9740 2182
   7   11  0.9947  765
   7   12  0.9787 3236
   7   13  0.9777 2812
   7   14  0.9929 2169
   7   15  0.9693  748
   7   16  0.8056 2657
   7   17  0.9827 2472
   7   18  0.9384 3109
   7   19  0.9888 1771
   7   20  0.9846 2486
   7   21  0.9486 3140
   7   22  0.9856 2885
   7   23  0.9884 2200
   7   24  0.9627 2790
   7   25  0.9917 3176
   7   26  0.9884 2910
   7   27  0.7171 2181
   7   28  0.9538 1745
   7   29  0.9888 2496
   7   30  0.9637 3167
   7   31  0.7518 2860
   7   32  0.9849 2197
   7   33  0.9125 4392
   7   34  0.5631 2223
   7   35  0.9892 1575
   7   36  0.8581 2064
   7   37  0.9668 4174
   7   38  0.9631 4812
   7   39  0.9733 2242
   7   40  0.9816  824
   7   41  0.9882 1904
   7   42  0.9844 3211
   7   43  0.9877 4226
   7   44  0.9451  801
   7   45  0.9862 4737
   7   46  0.9765 2264
   7   47  0.9788  812
   7   48  0.9710 1882
   7   49  0.9560 3134
   7   50  0.9839 4183
   7   51  0.9848 4796
   7   52  0.9610 2233
   7   53  0.9747  817
   7   54  0.9825 1882
   7   55  0.9729 1857
   7   56  0.9720 3166
   7   57  0.7236 4096
   7   58  0.6759 4205
   7   59  0.9079 3084
   7   60  0.8286 2578
   7   61  0.9394 3318
   7   62  0.9226 3153
   7   63  0.9379 1980
   7   64  0.9738 1471
   7   65  0.9662 2025
   7   66  0.9277 2601
   7   67  0.9101 1997
   7   68  0.9309 3274
   7   69  0.9105 3020
   7   70  0.9306 1907
   7   71  0.9438 1466
   7   72  0.9583 2038
   7   73  0.8209 2536
   7   74  0.9185 3223
   7   75  0.8980 2886
   7   76  0.9143 1775
   7   77  0.9591 1450
   7   78  0.9683 1469
   7   79  0.8994 2059
   7   80  0.9358 2585
   7   81  0.8957 3164
   7   82  0.9598 1988
   8    9  0.9732 3560
   8   10  0.9826 1445
   8   11  0.9908  590
   8   12  0.9682 3610
   8   13  0.9804 3370
   8   14  0.9936 1437
   8   15  0.9378  579
   8   16  0.8441 1547
   8   17  0.9867 1746
   8   18  0.9348 2179
   8   19  0.9846 1370
   8   20  0.9853 2309
   8   21  0.9839 2208
   8   22  0.9849 2464
   8   23  0.9899 2286
   8   24  0.9730 2396
   8   25  0.9888 2234
   8   26  0.9875 2477
   8   27  0.6667 2283
   8   28  0.9703 1365
   8   29  0.9860 2325
   8   30  0.9800 2226
   8   31  0.7682 2429
   8   32  0.9854 2268
   8   33  0.8995 4683
   8   34  0.5928 2045
   8   35  0.9878 1294
   8   36  0.8732 1536
   8   37  0.9662 3701
   8   38  0.9571 3208
   8   39  0.9808 1672
   8   40  0.9831  727
   8   41  0.9896 1754
   8   42  0.9866 2973
   8   43  0.9838 3764
   8   44  0.9608  716
   8   45  0.9839 3155
   8   46  0.9826 1685
   8   47  0.9686  710
   8   48  0.9738 1757
   8   49  0.9699 2912
   8   50  0.9817 3699
   8   51  0.9816 3209
   8   52  0.9695 1676
   8   53  0.9711  717
   8   54  0.9864 1747
   8   55  0.9826 1734
   8   56  0.9797 2936
   8   57  0.7388 3592
   8   58  0.6688 2752
   8   59  0.9746 2880
   8   60  0.9675 2074
   8   61  0.9297 2564
   8   62  0.9323 2484
   8   63  0.9221 1495
   8   64  0.9844 1391
   8   65  0.9743 2281
   8   66  0.9482 2070
   8   67  0.8931 1515
   8   68  0.9248 2551
   8   69  0.9213 2346
   8   70  0.9127 1447
   8   71  0.9725 1384
   8   72  0.9622 2289
   8   73  0.9427 2007
   8   74  0.9080 2513
   8   75  0.9123 2270
   8   76  0.8869 1338
   8   77  0.9746 1378
   8   78  0.9847 1399
   8   79  0.9009 2316
   8   80  0.9462 2021
   8   81  0.8858 2475
   8   82  0.9702 2250
   9   10  0.9810 2932
   9   11  0.9841  954
   9   12  0.9861 7588
   9   13  0.9789 5354
   9   14  0.9768 2963
   9   15  0.9300  927
   9   16  0.8432 2380
   9   17  0.9860 3394
   9   18  0.9487 2629
   9   19  0.9773 1456
   9   20  0.9764 1966
   9   21  0.9788 2644
   9   22  0.9312 3530
   9   23  0.9832 3224
   9   24  0.9103 3445
   9   25  0.9393 2656
   9   26  0.9383 3550
   9   27  0.6066 3179
   9   28  0.9601 1424
   9   29  0.9785 1932
   9   30  0.9706 2644
   9   31  0.7408 3497
   9   32  0.9666 3194
   9   33  0.8708 2387
   9   34  0.6136 1730
   9   35  0.9786 1827
   9   36  0.8964 1988
   9   37  0.9512 4098
   9   38  0.9123 3119
   9   39  0.9651 2130
   9   40  0.9682 1195
   9   41  0.9811 2475
   9   42  0.9478 4746
   9   43  0.9712 4131
   9   44  0.9476 1179
   9   45  0.9316 3042
   9   46  0.9711 2137
   9   47  0.9674 1184
   9   48  0.9660 2462
   9   49  0.9593 4624
   9   50  0.9681 4077
   9   51  0.9287 3105
   9   52  0.9546 2116
   9   53  0.9665 1175
   9   54  0.9824 2467
   9   55  0.9699 2423
   9   56  0.9384 4681
   9   57  0.7848 3970
   9   58  0.6820 2656
   9   59  0.9626 4580
   9   60  0.9291 3199
   9   61  0.8883 2949
   9   62  0.9227 2399
   9   63  0.9278 1907
   9   64  0.9752 2111
   9   65  0.9619 2770
   9   66  0.8823 3193
   9   67  0.9028 1923
   9   68  0.8741 2880
   9   69  0.9086 2248
   9   70  0.9279 1833
   9   71  0.9659 2095
   9   72  0.9553 2783
   9   73  0.9090 3076
   9   74  0.8633 2813
   9   75  0.8991 2155
   9   76  0.9167 1733
   9   77  0.9472 2033
   9   78  0.9739 2119
   9   79  0.8877 2822
   9   80  0.8880 3109
   9   81  0.8512 2777
   9   82  0.9603 2715
  10   11  0.9902 3544
  10   12  0.9842 2921
  10   13  0.9764 2740
  10   14  0.9668 7691
  10   15  0.9751 3570
  10   16  0.8828 3550
  10   17  0.9923 5841
  10   18  0.9393 1915
  10   19  0.9665 2425
  10   20  0.9674 1836
  10   21  0.9729 1906
  10   22  0.9731 3020
  10   23  0.9803 4808
  10   24  0.9511 2917
  10   25  0.9630 1928
  10   26  0.9744 3013
  10   27  0.5659 4618
  10   28  0.8951 2295
  10   29  0.9638 1810
  10   30  0.9782 1923
  10   31  0.6785 2950
  10   32  0.9617 4750
  10   33  0.8619 2302
  10   34  0.8090 1469
  10   35  0.9670 4932
  10   36  0.9442 2774
  10   37  0.9667 2094
  10   38  0.9706 2040
  10   39  0.9649 2922
  10   40  0.9770 3860
  10   41  0.9775 5366
  10   42  0.9735 3703
  10   43  0.9826 2095
  10   44  0.9606 3840
  10   45  0.9808 2022
  10   46  0.9745 2926
  10   47  0.9762 3812
  10   48  0.9739 5278
  10   49  0.9448 3602
  10   50  0.9761 2086
  10   51  0.9798 2045
  10   52  0.9699 2896
  10   53  0.9765 3801
  10   54  0.9762 5307
  10   55  0.9680 5247
  10   56  0.9697 3613
  10   57  0.7728 2017
  10   58  0.6668 1826
  10   59  0.9509 3573
  10   60  0.9599 2411
  10   61  0.9550 2050
  10   62  0.9387 1939
  10   63  0.9487 3298
  10   64  0.9643 5243
  10   65  0.9661 4008
  10   66  0.9447 2367
  10   67  0.9433 3272
  10   68  0.9482 1985
  10   69  0.9403 1833
  10   70  0.9464 3254
  10   71  0.9300 5163
  10   72  0.9595 3952
  10   73  0.9453 2254
  10   74  0.9527 1979
  10   75  0.9407 1790
  10   76  0.9386 3103
  10   77  0.9590 5102
  10   78  0.9589 5222
  10   79  0.9100 3906
  10   80  0.9507 2248
  10   81  0.9371 1904
  10   82  0.9591 4001
  11   12  0.9747  935
  11   13  0.9894 1012
  11   14  0.9897 3441
  11   15  0.9776 5704
  11   16  0.9390 2837
  11   17  0.9841 2632
  11   18  0.9708  979
  11   19  0.9924 3989
  11   20  0.9937 1889
  11   21  0.9845  977
  11   22  0.9875 1192
  11   23  0.9917 2066
  11   24  0.9736 1140
  11   25  0.9877  997
  11   26  0.9891 1170
  11   27  0.6788 1916
  11   28  0.9305 3900
  11   29  0.9876 1866
  11   30  0.9863  993
  11   31  0.6936 1145
  11   32  0.9824 2013
  11   33  0.8171 2269
  11   34  0.8123 1425
  11   35  0.9897 4226
  11   36  0.9575 3074
  11   37  0.9768  854
  11   38  0.9795 1114
  11   39  0.9823 3232
  11   40  0.9892 5347
  11   41  0.9863 2421
  11   42  0.9869 1103
  11   43  0.9923  844
  11   44  0.9692 5280
  11   45  0.9882 1092
  11   46  0.9930 3229
  11   47  0.9875 5348
  11   48  0.9525 2361
  11   49  0.9716 1070
  11   50  0.9897  838
  11   51  0.9894 1103
  11   52  0.9898 3236
  11   53  0.9866 5323
  11   54  0.9797 2380
  11   55  0.9749 2352
  11   56  0.9809 1056
  11   57  0.7533  770
  11   58  0.6277 1006
  11   59  0.9768 1055
  11   60  0.9713  979
  11   61  0.9790 1508
  11   62  0.9604 2266
  11   63  0.9613 3946
  11   64  0.9707 3959
  11   65  0.9672 1889
  11   66  0.9640  972
  11   67  0.9514 3871
  11   68  0.9673 1481
  11   69  0.9605 2150
  11   70  0.9591 3868
  11   71  0.9412 3853
  11   72  0.9608 1855
  11   73  0.9581  933
  11   74  0.9712 1470
  11   75  0.9584 2139
  11   76  0.9509 3693
  11   77  0.9639 3748
  11   78  0.9649 3941
  11   79  0.9023 1818
  11   80  0.9720  952
  11   81  0.9104 1449
  11   82  0.9618 1915
  12   13  0.9809 5391
  12   14  0.9803 2884
  12   15  0.9685  905
  12   16  0.8413 2364
  12   17  0.9823 3364
  12   18  0.9508 2629
  12   19  0.9743 1451
  12   20  0.9711 1961
  12   21  0.9386 2643
  12   22  0.9615 3526
  12   23  0.9819 3216
  12   24  0.9459 3441
  12   25  0.9780 2656
  12   26  0.9724 3547
  12   27  0.6336 3170
  12   28  0.9503 1419
  12   29  0.9706 1930
  12   30  0.9487 2647
  12   31  0.7818 3493
  12   32  0.9634 3188
  12   33  0.8649 2378
  12   34  0.6185 1725
  12   35  0.9711 1804
  12   36  0.8964 1968
  12   37  0.9558 4088
  12   38  0.9492 3104
  12   39  0.9590 2119
  12   40  0.9636 1174
  12   41  0.9880 2453
  12   42  0.9701 4743
  12   43  0.9727 4126
  12   44  0.9568 1160
  12   45  0.9669 3022
  12   46  0.9651 2126
  12   47  0.9693 1163
  12   48  0.9749 2443
  12   49  0.9526 4625
  12   50  0.9700 4073
  12   51  0.9642 3091
  12   52  0.9496 2108
  12   53  0.9590 1155
  12   54  0.9895 2443
  12   55  0.9806 2404
  12   56  0.9617 4680
  12   57  0.7892 3972
  12   58  0.7032 2643
  12   59  0.9264 4586
  12   60  0.8467 3205
  12   61  0.9270 2955
  12   62  0.9262 2382
  12   63  0.9450 1892
  12   64  0.9797 2085
  12   65  0.9644 2759
  12   66  0.9200 3199
  12   67  0.9311 1910
  12   68  0.9148 2889
  12   69  0.9131 2222
  12   70  0.9416 1822
  12   71  0.9592 2064
  12   72  0.9589 2774
  12   73  0.8318 3082
  12   74  0.9042 2818
  12   75  0.9042 2130
  12   76  0.9335 1720
  12   77  0.9625 2006
  12   78  0.9768 2092
  12   79  0.8811 2804
  12   80  0.9249 3113
  12   81  0.8933 2784
  12   82  0.9609 2704
  13   14  0.9895 2721
  13   15  0.9861 1023
  13   16  0.9458 1382
  13   17  0.9861 3041
  13   18  0.9683 2064
  13   19  0.9854  949
  13   20  0.9887  881
  13   21  0.9887 2054
  13   22  0.9741 3145
  13   23  0.9887 3451
  13   24  0.9742 3074
  13   25  0.9832 2064
  13   26  0.9667 3157
  13   27  0.5711 3399
  13   28  0.8607  906
  13   29  0.9873  861
  13   30  0.9860 2056
  13   31  0.7648 3111
  13   32  0.9819 3421
  13   33  0.8393 2167
  13   34  0.5803  822
  13   35  0.9872 2001
  13   36  0.9672 1178
  13   37  0.9703 3010
  13   38  0.9755 1828
  13   39  0.9873 1225
  13   40  0.9925 1361
  13   41  0.9919 2627
  13   42  0.9859 4426
  13   43  0.9887 3026
  13   44  0.9876 1366
  13   45  0.9896 1780
  13   46  0.9882 1235
  13   47  0.9866 1338
  13   48  0.9777 2617
  13   49  0.9741 4331
  13   50  0.9882 2995
  13   51  0.9838 1813
  13   52  0.9768 1212
  13   53  0.9890 1342
  13   54  0.9899 2610
  13   55  0.9888 2583
  13   56  0.9825 4371
  13   57  0.8651 2917
  13   58  0.7407 1544
  13   59  0.9859 4269
  13   60  0.9753 2773
  13   61  0.9690 2010
  13   62  0.9726 1267
  13   63  0.9766 1501
  13   64  0.9896 2439
  13   65  0.9860 2853
  13   66  0.9657 2764
  13   67  0.9635 1516
  13   68  0.9628 1950
  13   69  0.9602 1204
  13   70  0.9763 1470
  13   71  0.9721 2432
  13   72  0.9816 2855
  13   73  0.9591 2662
  13   74  0.9558 1892
  13   75  0.9560 1134
  13   76  0.9686 1414
  13   77  0.9737 2423
  13   78  0.9875 2434
  13   79  0.9292 2861
  13   80  0.9569 2693
  13   81  0.9491 1821
  13   82  0.9823 2807
  14   15  0.9727 3464
  14   16  0.9105 3487
  14   17  0.9822 5788
  14   18  0.9625 1896
  14   19  0.9877 2320
  14   20  0.9935 1790
  14   21  0.9911 1886
  14   22  0.9890 2995
  14   23  0.9885 4770
  14   24  0.9809 2895
  14   25  0.9869 1907
  14   26  0.9768 2990
  14   27  0.5000 4581
  14   28  0.9367 2192
  14   29  0.9880 1760
  14   30  0.9914 1902
  14   31  0.6620 2929
  14   32  0.9864 4711
  14   33  0.9338 2242
  14   34  0.8086 1431
  14   35  0.9929 4844
  14   36  0.9761 2693
  14   37  0.9810 2068
  14   38  0.9786 2001
  14   39  0.9866 2827
  14   40  0.9930 3755
  14   41  0.9938 5346
  14   42  0.9920 3687
  14   43  0.9886 2070
  14   44  0.9864 3740
  14   45  0.9885 1990
  14   46  0.9914 2828
  14   47  0.9785 3710
  14   48  0.9787 5258
  14   49  0.9659 3590
  14   50  0.9867 2060
  14   51  0.9882 2001
  14   52  0.9907 2804
  14   53  0.9890 3698
  14   54  0.9929 5288
  14   55  0.9899 5230
  14   56  0.9905 3603
  14   57  0.8124 1992
  14   58  0.6887 1794
  14   59  0.9855 3559
  14   60  0.9748 2392
  14   61  0.9833 2012
  14   62  0.9761 1868
  14   63  0.9658 3200
  14   64  0.9904 5164
  14   65  0.9867 3990
  14   66  0.9635 2347
  14   67  0.9540 3176
  14   68  0.9806 1961
  14   69  0.9741 1771
  14   70  0.9679 3150
  14   71  0.9768 5088
  14   72  0.9850 3938
  14   73  0.9656 2234
  14   74  0.9789 1948
  14   75  0.9723 1734
  14   76  0.9537 3016
  14   77  0.9744 5026
  14   78  0.9887 5144
  14   79  0.9278 3892
  14   80  0.9516 2232
  14   81  0.9663 1872
  14   82  0.9838 3983
  15   16  0.9158 2772
  15   17  0.9468 2663
  15   18  0.9628  974
  15   19  0.9812 3920
  15   20  0.9791 1838
  15   21  0.9677  971
  15   22  0.9830 1214
  15   23  0.9735 2100
  15   24  0.9847 1159
  15   25  0.9590  992
  15   26  0.9767 1191
  15   27  0.6557 1949
  15   28  0.9346 3821
  15   29  0.9672 1814
  15   30  0.9700  988
  15   31  0.6859 1167
  15   32  0.9800 2046
  15   33  0.8130 2242
  15   34  0.8004 1387
  15   35  0.9764 4222
  15   36  0.9729 3005
  15   37  0.9816  829
  15   38  0.9780 1087
  15   39  0.9863 3149
  15   40  0.9851 5375
  15   41  0.9742 2480
  15   42  0.9706 1092
  15   43  0.9803  818
  15   44  0.9841 5312
  15   45  0.9773 1066
  15   46  0.9825 3143
  15   47  0.9655 5368
  15   48  0.9642 2419
  15   49  0.9720 1060
  15   50  0.9771  812
  15   51  0.9765 1072
  15   52  0.9837 3141
  15   53  0.9682 5339
  15   54  0.9788 2439
  15   55  0.9748 2412
  15   56  0.9660 1046
  15   57  0.7280  748
  15   58  0.6301  985
  15   59  0.9757 1043
  15   60  0.9812  980
  15   61  0.9796 1482
  15   62  0.9737 2213
  15   63  0.9741 3904
  15   64  0.9817 3988
  15   65  0.9850 1918
  15   66  0.9854  973
  15   67  0.9712 3828
  15   68  0.9793 1452
  15   69  0.9764 2103
  15   70  0.9708 3830
  15   71  0.9584 3887
  15   72  0.9832 1884
  15   73  0.9777  934
  15   74  0.9794 1440
  15   75  0.9803 2090
  15   76  0.9689 3656
  15   77  0.9746 3785
  15   78  0.9811 3972
  15   79  0.9058 1847
  15   80  0.9700  951
  15   81  0.8787 1421
  15   82  0.9822 1945
  16   17  0.9149 3052
  16   18  0.8728 2061
  16   19  0.9329 4280
  16   20  0.8823 3236
  16   21  0.9000 2082
  16   22  0.8744 1826
  16   23  0.9050 1803
  16   24  0.8703 1783
  16   25  0.8876 2094
  16   26  0.8836 1831
  16   27  0.6934 1730
  16   28  0.8319 4166
  16   29  0.8735 3192
  16   30  0.9051 2080
  16   31  0.7180 1803
  16   32  0.9053 1785
  16   33  0.8559 2932
  16   34  0.7957 2698
  16   35  0.8997 2927
  16   36  0.9504 5187
  16   37  0.8597 2265
  16   38  0.8745 3778
  16   39  0.9040 5425
  16   40  0.9315 2534
  16   41  0.8993 2184
  16   42  0.9017 2218
  16   43  0.8758 2277
  16   44  0.9240 2497
  16   45  0.8919 3726
  16   46  0.9309 5429
  16   47  0.9529 2519
  16   48  0.9042 2147
  16   49  0.8868 2171
  16   50  0.8808 2267
  16   51  0.8765 3767
  16   52  0.9438 5400
  16   53  0.9485 2505
  16   54  0.9034 2162
  16   55  0.8941 2141
  16   56  0.9041 2162
  16   57  0.7331 2170
  16   58  0.6852 3425
  16   59  0.8868 2134
  16   60  0.9088 1772
  16   61  0.8771 2697
  16   62  0.8914 4162
  16   63  0.9417 4673
  16   64  0.8825 2300
  16   65  0.8834 1699
  16   66  0.8941 1772
  16   67  0.9334 4707
  16   68  0.8741 2696
  16   69  0.8918 4053
  16   70  0.9455 4517
  16   71  0.8166 2185
  16   72  0.8770 1674
  16   73  0.8928 1724
  16   74  0.8750 2684
  16   75  0.8967 3971
  16   76  0.9395 4363
  16   77  0.8878 2101
  16   78  0.8743 2308
  16   79  0.8392 1691
  16   80  0.9134 1758
  16   81  0.8663 2663
  16   82  0.8818 1683
  17   18  0.9506 1533
  17   19  0.9877 2002
  17   20  0.9850  933
  17   21  0.9851 1523
  17   22  0.9856 2677
  17   23  0.9858 4357
  17   24  0.9714 2595
  17   25  0.9773 1533
  17   26  0.9781 2689
  17   27  0.5481 4210
  17   28  0.8845 1876
  17   29  0.9774  913
  17   30  0.9818 1529
  17   31  0.6793 2621
  17   32  0.9738 4310
  17   33  0.9265 2520
  17   34  0.8321  806
  17   35  0.9765 4521
  17   36  0.9665 2552
  17   37  0.9655 1778
  17   38  0.9698 1801
  17   39  0.9784 2667
  17   40  0.9866 3077
  17   41  0.9875 4596
  17   42  0.9801 3580
  17   43  0.9903 1781
  17   44  0.9709 3053
  17   45  0.9842 1782
  17   46  0.9880 2660
  17   47  0.9860 3054
  17   48  0.9803 4534
  17   49  0.9665 3472
  17   50  0.9860 1774
  17   51  0.9841 1802
  17   52  0.9878 2634
  17   53  0.9886 3041
  17   54  0.9862 4558
  17   55  0.9813 4490
  17   56  0.9786 3508
  17   57  0.8167 1711
  17   58  0.6957 1611
  17   59  0.9710 3448
  17   60  0.9569 2046
  17   61  0.9706 1389
  17   62  0.9384 1258
  17   63  0.9667 3390
  17   64  0.9739 4744
  17   65  0.9774 3488
  17   66  0.9464 2009
  17   67  0.9556 3408
  17   68  0.9662 1349
  17   69  0.9348 1193
  17   70  0.9669 3374
  17   71  0.9394 4662
  17   72  0.9729 3448
  17   73  0.9462 1904
  17   74  0.9641 1334
  17   75  0.9282 1162
  17   76  0.9556 3213
  17   77  0.9685 4581
  17   78  0.9709 4735
  17   79  0.9180 3417
  17   80  0.9333 1888
  17   81  0.9473 1275
  17   82  0.9700 3455
  18   19  0.9568  552
  18   20  0.9570 2117
  18   21  0.9692 5422
  18   22  0.9786 2606
  18   23  0.9599  744
  18   24  0.9851 2482
  18   25  0.9637 5464
  18   26  0.9701 2612
  18   27  0.8975  696
  18   28  0.9078  510
  18   29  0.9509 2097
  18   30  0.9441 5425
  18   31  0.9309 2572
  18   32  0.9854  726
  18   33  0.9035 1685
  18   34  0.4573 1947
  18   35  0.9895  405
  18   36  0.9449 1610
  18   37  0.9642 3182
  18   38  0.9442 3193
  18   39  0.9631 1730
  18   40  0.9789  878
  18   41  0.9725 1451
  18   42  0.9619 2791
  18   43  0.9429 3191
  18   44  0.9738  885
  18   45  0.9582 3113
  18   46  0.9550 1738
  18   47  0.9700  872
  18   48  0.9208 1399
  18   49  0.9484 2738
  18   50  0.9325 3176
  18   51  0.9490 3185
  18   52  0.9539 1717
  18   53  0.9763  873
  18   54  0.9690 1444
  18   55  0.9751 1411
  18   56  0.9644 2741
  18   57  0.7032 3092
  18   58  0.7235 2722
  18   59  0.9643 2698
  18   60  0.9593 3605
  18   61  0.9562 4321
  18   62  0.9743 1759
  18   63  0.9860  623
  18   64  0.9808  519
  18   65  0.9627  984
  18   66  0.9454 3690
  18   67  0.9735  671
  18   68  0.9514 4213
  18   69  0.9643 1594
  18   70  0.9697  590
  18   71  0.9783  476
  18   72  0.9610  987
  18   73  0.9420 3604
  18   74  0.9481 4120
  18   75  0.9684 1481
  18   76  0.9233  533
  18   77  0.9566  459
  18   78  0.9841  507
  18   79  0.8506 1041
  18   80  0.9551 3790
  18   81  0.9348 3966
  18   82  0.9664  974
  19   20  0.9970 2743
  19   21  0.9942  557
  19   22  0.9904  930
  19   23  0.9850 1511
  19   24  0.9863  907
  19   25  0.9877  566
  19   26  0.9895  928
  19   27  0.6118 1412
  19   28  0.9413 6176
  19   29  0.9852 2719
  19   30  0.9939  569
  19   31  0.6195  910
  19   32  0.9942 1467
  19   33  0.8574 3394
  19   34  0.8736 2131
  19   35  0.9943 3205
  19   36  0.9638 4724
  19   37  0.9840 1399
  19   38  0.9845 2639
  19   39  0.9939 5010
  19   40  0.9950 3734
  19   41  0.9931 1336
  19   42  0.9976  821
  19   43  0.9938 1403
  19   44  0.9793 3669
  19   45  0.9942 2589
  19   46  0.9965 5005
  19   47  0.9929 3728
  19   48  0.9767 1304
  19   49  0.9917  785
  19   50  0.9930 1394
  19   51  0.9913 2623
  19   52  0.9917 5005
  19   53  0.9931 3721
  19   54  0.9893 1309
  19   55  0.9846 1299
  19   56  0.9918  785
  19   57  0.7461 1293
  19   58  0.6657 2383
  19   59  0.9908  768
  19   60  0.9858  504
  19   61  0.9874 1456
  19   62  0.9741 4076
  19   63  0.9777 4830
  19   64  0.9777 2680
  19   65  0.9815 1241
  19   66  0.9790  485
  19   67  0.9622 4765
  19   68  0.9785 1472
  19   69  0.9709 3958
  19   70  0.9734 4685
  19   71  0.9463 2606
  19   72  0.9775 1224
  19   73  0.9784  453
  19   74  0.9820 1467
  19   75  0.9611 3906
  19   76  0.9623 4437
  19   77  0.9717 2481
  19   78  0.9758 2689
  19   79  0.9166 1200
  19   80  0.9788  461
  19   81  0.8989 1490
  19   82  0.9767 1245
  20   21  0.9949 2180
  20   22  0.9890  765
  20   23  0.9934  645
  20   24  0.9843  734
  20   25  0.9932 2205
  20   26  0.9916  752
  20   27  0.8344  568
  20   28  0.9552 2704
  20   29  0.9921 5673
  20   30  0.9948 2179
  20   31  0.8853  738
  20   32  0.9909  621
  20   33  0.9058 2947
  20   34  0.6851 4759
  20   35  0.9826  948
  20   36  0.9530 3371
  20   37  0.9836 2671
  20   38  0.9779 3537
  20   39  0.9938 3681
  20   40  0.9968 1657
  20   41  0.9928 1085
  20   42  0.9919 1454
  20   43  0.9931 2686
  20   44  0.9868 1637
  20   45  0.9933 3461
  20   46  0.9964 3698
  20   47  0.9956 1666
  20   48  0.9576 1044
  20   49  0.9842 1437
  20   50  0.9904 2659
  20   51  0.9923 3543
  20   52  0.9868 3688
  20   53  0.9947 1645
  20   54  0.9908 1075
  20   55  0.9856 1053
  20   56  0.9916 1413
  20   57  0.7453 2519
  20   58  0.7003 3111
  20   59  0.9888 1404
  20   60  0.9867  915
  20   61  0.9694 3746
  20   62  0.9651 4380
  20   63  0.9735 2383
  20   64  0.9802 1257
  20   65  0.9846  882
  20   66  0.9814  931
  20   67  0.9593 2406
  20   68  0.9633 3745
  20   69  0.9563 4150
  20   70  0.9663 2245
  20   71  0.9544 1194
  20   72  0.9846  879
  20   73  0.9793  898
  20   74  0.9483 3753
  20   75  0.9464 4070
  20   76  0.9549 2053
  20   77  0.9809 1135
  20   78  0.9798 1254
  20   79  0.9007  872
  20   80  0.9795  966
  20   81  0.9394 3808
  20   82  0.9837  897
  21   22  0.9433 2555
  21   23  0.9710  720
  21   24  0.9318 2445
  21   25  0.9732 5501
  21   26  0.9418 2577
  21   27  0.9004  674
  21   28  0.9410  515
  21   29  0.9915 2164
  21   30  0.9910 5496
  21   31  0.8998 2519
  21   32  0.9932  701
  21   33  0.9139 1714
  21   34  0.4565 1998
  21   35  0.9958  404
  21   36  0.9637 1636
  21   37  0.9775 3197
  21   38  0.9384 3220
  21   39  0.9924 1760
  21   40  0.9908  877
  21   41  0.9914 1428
  21   42  0.9513 2779
  21   43  0.9904 3212
  21   44  0.9776  882
  21   45  0.9566 3139
  21   46  0.9922 1772
  21   47  0.9855  872
  21   48  0.9360 1378
  21   49  0.9805 2717
  21   50  0.9824 3204
  21   51  0.9512 3217
  21   52  0.9897 1751
  21   53  0.9906  870
  21   54  0.9858 1419
  21   55  0.9846 1384
  21   56  0.9454 2720
  21   57  0.7577 3106
  21   58  0.6820 2733
  21   59  0.9751 2679
  21   60  0.9572 3546
  21   61  0.9354 4369
  21   62  0.9701 1795
  21   63  0.9737  644
  21   64  0.9874  523
  21   65  0.9818  956
  21   66  0.9320 3633
  21   67  0.9690  695
  21   68  0.9244 4252
  21   69  0.9588 1632
  21   70  0.9789  607
  21   71  0.9689  481
  21   72  0.9778  956
  21   73  0.9446 3550
  21   74  0.9186 4171
  21   75  0.9551 1522
  21   76  0.9398  554
  21   77  0.9732  458
  21   78  0.9880  513
  21   79  0.8816 1010
  21   80  0.9369 3740
  21   81  0.8994 4011
  21   82  0.9822  945
  22   23  0.9902 3094
  22   24  0.9891 6029
  22   25  0.9939 2596
  22   26  0.9646 6200
  22   27  0.7844 3030
  22   28  0.9491  864
  22   29  0.9767  755
  22   30  0.9559 2587
  22   31  0.6700 6143
  22   32  0.9816 3079
  22   33  0.9599 1259
  22   34  0.7923  621
  22   35  0.9873 1350
  22   36  0.9524 1041
  22   37  0.9692 3156
  22   38  0.9804 1989
  22   39  0.9843 1119
  22   40  0.9938 1132
  22   41  0.9854 3142
  22   42  0.9887 4546
  22   43  0.9898 3185
  22   44  0.9822 1134
  22   45  0.9932 1968
  22   46  0.9848 1124
  22   47  0.9845 1119
  22   48  0.9487 3108
  22   49  0.9606 4450
  22   50  0.9902 3152
  22   51  0.9914 1986
  22   52  0.9846 1113
  22   53  0.9837 1121
  22   54  0.9839 3114
  22   55  0.9795 3089
  22   56  0.9824 4475
  22   57  0.8250 3100
  22   58  0.7047 1743
  22   59  0.9288 4421
  22   60  0.9099 4445
  22   61  0.9733 2156
  22   62  0.9753  929
  22   63  0.9620  689
  22   64  0.9784 1304
  22   65  0.9721 3827
  22   66  0.9634 4363
  22   67  0.9599  679
  22   68  0.9714 2069
  22   69  0.9597  870
  22   70  0.9708  670
  22   71  0.9542 1283
  22   72  0.9639 3868
  22   73  0.9117 4178
  22   74  0.9547 1974
  22   75  0.9787  813
  22   76  0.9693  644
  22   77  0.9655 1279
  22   78  0.9741 1282
  22   79  0.9019 3977
  22   80  0.9430 4115
  22   81  0.8397 1833
  22   82  0.9683 3770
  23   24  0.9803 3038
  23   25  0.9689  748
  23   26  0.9742 3104
  23   27  0.6751 6305
  23   28  0.9193 1437
  23   29  0.9904  627
  23   30  0.9702  739
  23   31  0.5773 3021
  23   32  0.9762 6453
  23   33  0.8868 1999
  23   34  0.9100  494
  23   35  0.9838 3325
  23   36  0.9225  942
  23   37  0.9638 1781
  23   38  0.9656 1233
  23   39  0.9666  975
  23   40  0.9811 2515
  23   41  0.9901 4983
  23   42  0.9907 3729
  23   43  0.9856 1789
  23   44  0.9641 2516
  23   45  0.9784 1216
  23   46  0.9781  984
  23   47  0.9824 2481
  23   48  0.9719 4919
  23   49  0.9657 3626
  23   50  0.9877 1766
  23   51  0.9728 1222
  23   52  0.9609  976
  23   53  0.9813 2498
  23   54  0.9875 4951
  23   55  0.9808 4894
  23   56  0.9875 3652
  23   57  0.8376 1712
  23   58  0.6888 1110
  23   59  0.9790 3619
  23   60  0.9614 1853
  23   61  0.9837  857
  23   62  0.9653 1087
  23   63  0.9607 1810
  23   64  0.9807 4041
  23   65  0.9764 4775
  23   66  0.9526 1768
  23   67  0.9507 1774
  23   68  0.9757  822
  23   69  0.9676 1032
  23   70  0.9602 1794
  23   71  0.9603 4041
  23   72  0.9745 4734
  23   73  0.9546 1652
  23   74  0.9801  799
  23   75  0.9634 1018
  23   76  0.9462 1693
  23   77  0.9669 4035
  23   78  0.9780 4023
  23   79  0.8989 4680
  23   80  0.9458 1583
  23   81  0.9657  755
  23   82  0.9711 4741
  24   25  0.9766 2457
  24   26  0.9399 6058
  24   27  0.7856 2949
  24   28  0.9627  838
  24   29  0.9672  723
  24   30  0.9420 2464
  24   31  0.6303 5933
  24   32  0.9845 2994
  24   33  0.9691 1208
  24   34  0.8211  587
  24   35  0.9887 1313
  24   36  0.9666  999
  24   37  0.9755 3084
  24   38  0.9766 1935
  24   39  0.9772 1072
  24   40  0.9935 1081
  24   41  0.9796 3041
  24   42  0.9845 4434
  24   43  0.9905 3111
  24   44  0.9921 1080
  24   45  0.9846 1919
  24   46  0.9779 1069
  24   47  0.9779 1068
  24   48  0.9474 3012
  24   49  0.9592 4362
  24   50  0.9917 3081
  24   51  0.9826 1931
  24   52  0.9774 1062
  24   53  0.9796 1072
  24   54  0.9832 3025
  24   55  0.9852 2997
  24   56  0.9863 4378
  24   57  0.8442 3019
  24   58  0.7384 1707
  24   59  0.9345 4322
  24   60  0.9215 4313
  24   61  0.9853 2074
  24   62  0.9879  899
  24   63  0.9745  669
  24   64  0.9898 1269
  24   65  0.9855 3741
  24   66  0.9822 4230
  24   67  0.9801  656
  24   68  0.9865 1997
  24   69  0.9756  851
  24   70  0.9853  652
  24   71  0.9632 1247
  24   72  0.9817 3782
  24   73  0.9298 4065
  24   74  0.9819 1897
  24   75  0.9917  794
  24   76  0.9789  631
  24   77  0.9836 1245
  24   78  0.9861 1245
  24   79  0.9210 3885
  24   80  0.9586 3988
  24   81  0.8225 1769
  24   82  0.9833 3682
  25   26  0.9906 2597
  25   27  0.8943  694
  25   28  0.9210  525
  25   29  0.9921 2202
  25   30  0.9752 5537
  25   31  0.9523 2562
  25   32  0.9858  725
  25   33  0.8903 1727
  25   34  0.4333 2022
  25   35  0.9950  409
  25   36  0.9542 1642
  25   37  0.9707 3211
  25   38  0.9605 3246
  25   39  0.9880 1765
  25   40  0.9875  895
  25   41  0.9842 1461
  25   42  0.9835 2792
  25   43  0.9843 3225
  25   44  0.9696  898
  25   45  0.9865 3164
  25   46  0.9855 1780
  25   47  0.9847  888
  25   48  0.9171 1409
  25   49  0.9512 2731
  25   50  0.9773 3217
  25   51  0.9775 3245
  25   52  0.9825 1760
  25   53  0.9885  890
  25   54  0.9737 1454
  25   55  0.9774 1420
  25   56  0.9754 2741
  25   57  0.7306 3122
  25   58  0.6980 2760
  25   59  0.8854 2694
  25   60  0.8635 3577
  25   61  0.9391 4396
  25   62  0.9503 1814
  25   63  0.9707  647
  25   64  0.9824  528
  25   65  0.9744  990
  25   66  0.9323 3662
  25   67  0.9650  696
  25   68  0.9262 4285
  25   69  0.9342 1652
  25   70  0.9756  612
  25   71  0.9749  485
  25   72  0.9674  991
  25   73  0.8520 3581
  25   74  0.9181 4191
  25   75  0.9279 1537
  25   76  0.9331  554
  25   77  0.9672  468
  25   78  0.9844  517
  25   79  0.8850 1044
  25   80  0.9389 3763
  25   81  0.8957 4032
  25   82  0.9735  981
  26   27  0.7777 3008
  26   28  0.9360  863
  26   29  0.9885  740
  26   30  0.9583 2605
  26   31  0.8262 6125
  26   32  0.9688 3059
  26   33  0.9281 1270
  26   34  0.7497  607
  26   35  0.9672 1346
  26   36  0.9557 1043
  26   37  0.9736 3179
  26   38  0.9753 2007
  26   39  0.9826 1119
  26   40  0.9774 1105
  26   41  0.9801 3126
  26   42  0.9742 4552
  26   43  0.9856 3209
  26   44  0.9596 1111
  26   45  0.9860 1986
  26   46  0.9884 1121
  26   47  0.9876 1095
  26   48  0.9523 3092
  26   49  0.9539 4459
  26   50  0.9805 3179
  26   51  0.9851 2005
  26   52  0.9865 1113
  26   53  0.9854 1094
  26   54  0.9759 3101
  26   55  0.9624 3075
  26   56  0.9639 4483
  26   57  0.7749 3128
  26   58  0.7055 1759
  26   59  0.9208 4428
  26   60  0.9000 4451
  26   61  0.9620 2161
  26   62  0.9668  943
  26   63  0.9470  689
  26   64  0.9632 1298
  26   65  0.9599 3811
  26   66  0.9375 4371
  26   67  0.9300  677
  26   68  0.9341 2077
  26   69  0.9644  888
  26   70  0.9568  671
  26   71  0.9414 1277
  26   72  0.9441 3850
  26   73  0.8852 4185
  26   74  0.9456 1977
  26   75  0.9640  828
  26   76  0.9319  638
  26   77  0.9525 1274
  26   78  0.9564 1276
  26   79  0.9167 3957
  26   80  0.9491 4120
  26   81  0.8900 1843
  26   82  0.9559 3749
  27   28  0.5903 1343
  27   29  0.8395  548
  27   30  0.9105  687
  27   31  0.4852 2967
  27   32  0.5485 6310
  27   33  0.6225 1949
  27   34  0.7360  426
  27   35  0.4873 3175
  27   36  0.6062  852
  27   37  0.7622 1741
  27   38  0.6831 1175
  27   39  0.6202  884
  27   40  0.5825 2339
  27   41  0.5320 4847
  27   42  0.7943 3655
  27   43  0.7519 1749
  27   44  0.5707 2344
  27   45  0.6667 1164
  27   46  0.7203  888
  27   47  0.6152 2309
  27   48  0.4976 4781
  27   49  0.7663 3555
  27   50  0.7583 1729
  27   51  0.6728 1162
  27   52  0.5842  878
  27   53  0.6050 2313
  27   54  0.5170 4807
  27   55  0.5359 4756
  27   56  0.7956 3576
  27   57  0.6753 1670
  27   58  0.3100 1055
  27   59  0.7716 3548
  27   60  0.8822 1789
  27   61  0.8618  784
  27   62  0.6952 1013
  27   63  0.7000 1710
  27   64  0.4549 3864
  27   65  0.7021 4686
  27   66  0.8838 1705
  27   67  0.6818 1682
  27   68  0.8733  750
  27   69  0.7134  960
  27   70  0.6694 1699
  27   71  0.3872 3864
  27   72  0.7031 4640
  27   73  0.8834 1600
  27   74  0.8722  727
  27   75  0.7352  946
  27   76  0.6715 1605
  27   77  0.4850 3864
  27   78  0.4412 3844
  27   79  0.5795 4595
  27   80  0.8615 1536
  27   81  0.8754  685
  27   82  0.6857 4655
  28   29  0.9556 2688
  28   30  0.9533  527
  28   31  0.5570  850
  28   32  0.9170 1395
  28   33  0.7943 3326
  28   34  0.8221 2091
  28   35  0.9376 3107
  28   36  0.8775 4628
  28   37  0.9601 1367
  28   38  0.9345 2578
  28   39  0.9291 4911
  28   40  0.9244 3630
  28   41  0.9411 1245
  28   42  0.9501  795
  28   43  0.9458 1367
  28   44  0.9268 3567
  28   45  0.9511 2533
  28   46  0.9288 4913
  28   47  0.9294 3628
  28   48  0.9227 1213
  28   49  0.9237  758
  28   50  0.9396 1359
  28   51  0.9519 2575
  28   52  0.9090 4927
  28   53  0.9266 3624
  28   54  0.9505 1216
  28   55  0.9319 1213
  28   56  0.9408  758
  28   57  0.6078 1254
  28   58  0.6461 2322
  28   59  0.9327  743
  28   60  0.9582  457
  28   61  0.9293 1419
  28   62  0.9178 4010
  28   63  0.8882 4717
  28   64  0.9124 2589
  28   65  0.9518 1169
  28   66  0.9443  442
  28   67  0.8581 4649
  28   68  0.9429 1431
  28   69  0.9132 3898
  28   70  0.8836 4580
  28   71  0.8625 2511
  28   72  0.9571 1153
  28   73  0.9373  415
  28   74  0.9269 1427
  28   75  0.9064 3842
  28   76  0.8664 4338
  28   77  0.9044 2391
  28   78  0.9040 2592
  28   79  0.8547 1136
  28   80  0.9636  422
  28   81  0.8408 1449
  28   82  0.9594 1173
  29   30  0.9933 2178
  29   31  0.9061  727
  29   32  0.9839  602
  29   33  0.8701 2910
  29   34  0.6219 4741
  29   35  0.9773  920
  29   36  0.9330 3333
  29   37  0.9747 2624
  29   38  0.9551 3480
  29   39  0.9802 3639
  29   40  0.9851 1639
  29   41  0.9850 1087
  29   42  0.9863 1431
  29   43  0.9864 2643
  29   44  0.9729 1620
  29   45  0.9776 3412
  29   46  0.9863 3662
  29   47  0.9889 1649
  29   48  0.9198 1048
  29   49  0.9731 1409
  29   50  0.9822 2614
  29   51  0.9798 3505
  29   52  0.9766 3663
  29   53  0.9847 1634
  29   54  0.9758 1079
  29   55  0.9754 1057
  29   56  0.9867 1398
  29   57  0.7202 2472
  29   58  0.6731 3062
  29   59  0.9795 1379
  29   60  0.9776  915
  29   61  0.9508 3717
  29   62  0.9313 4316
  29   63  0.9512 2346
  29   64  0.9731 1246
  29   65  0.9718  888
  29   66  0.9689  931
  29   67  0.9379 2368
  29   68  0.9441 3710
  29   69  0.9203 4096
  29   70  0.9455 2207
  29   71  0.9441 1182
  29   72  0.9658  886
  29   73  0.9657  892
  29   74  0.9276 3725
  29   75  0.9099 4006
  29   76  0.9331 2017
  29   77  0.9721 1127
  29   78  0.9687 1243
  29   79  0.9223  878
  29   80  0.9735  962
  29   81  0.9192 3771
  29   82  0.9683  904
  30   31  0.9225 2544
  30   32  0.9858  713
  30   33  0.9059 1714
  30   34  0.4523 2003
  30   35  0.9922  414
  30   36  0.9688 1639
  30   37  0.9631 3193
  30   38  0.9541 3225
  30   39  0.9896 1761
  30   40  0.9908  898
  30   41  0.9902 1457
  30   42  0.9670 2785
  30   43  0.9913 3208
  30   44  0.9783  897
  30   45  0.9697 3144
  30   46  0.9948 1778
  30   47  0.9866  888
  30   48  0.9497 1409
  30   49  0.9835 2724
  30   50  0.9852 3200
  30   51  0.9649 3221
  30   52  0.9924 1754
  30   53  0.9906  892
  30   54  0.9887 1449
  30   55  0.9842 1412
  30   56  0.9609 2734
  30   57  0.7722 3104
  30   58  0.6680 2739
  30   59  0.9631 2688
  30   60  0.9508 3575
  30   61  0.9393 4365
  30   62  0.9561 1800
  30   63  0.9741  635
  30   64  0.9881  531
  30   65  0.9852  990
  30   66  0.9473 3657
  30   67  0.9675  684
  30   68  0.9294 4253
  30   69  0.9422 1636
  30   70  0.9777  600
  30   71  0.9385  487
  30   72  0.9825  992
  30   73  0.9391 3576
  30   74  0.9220 4165
  30   75  0.9356 1521
  30   76  0.9578  544
  30   77  0.9772  468
  30   78  0.9772  521
  30   79  0.8766 1045
  30   80  0.9522 3763
  30   81  0.9021 4005
  30   82  0.9870  980
  31   32  0.5807 3008
  31   33  0.4991 1233
  31   34  0.5559  601
  31   35  0.6508 1316
  31   36  0.8212 1024
  31   37  0.8018 3146
  31   38  0.8578 1978
  31   39  0.8401 1099
  31   40  0.6619 1082
  31   41  0.6857 3056
  31   42  0.7024 4483
  31   43  0.7950 3178
  31   44  0.6510 1086
  31   45  0.8511 1955
  31   46  0.8412 1103
  31   47  0.7164 1072
  31   48  0.6661 3023
  31   49  0.7064 4393
  31   50  0.7843 3143
  31   51  0.8538 1973
  31   52  0.8326 1093
  31   53  0.7199 1070
  31   54  0.6771 3033
  31   55  0.6605 3007
  31   56  0.6892 4420
  31   57  0.5426 3098
  31   58  0.5653 1738
  31   59  0.6795 4364
  31   60  0.8062 4410
  31   61  0.8949 2120
  31   62  0.7574  930
  31   63  0.6055  675
  31   64  0.6036 1252
  31   65  0.6159 3741
  31   66  0.8230 4329
  31   67  0.5497  663
  31   68  0.7609 2036
  31   69  0.7682  873
  31   70  0.5835  656
  31   71  0.6017 1229
  31   72  0.5944 3783
  31   73  0.7763 4142
  31   74  0.8833 1942
  31   75  0.6169  814
  31   76  0.6146  628
  31   77  0.6144 1226
  31   78  0.5928 1230
  31   79  0.7057 3890
  31   80  0.8947 4079
  31   81  0.8551 1804
  31   82  0.6099 3684
  32   33  0.8921 1985
  32   34  0.9302  471
  32   35  0.9898 3273
  32   36  0.9639  908
  32   37  0.9880 1761
  32   38  0.9891 1213
  32   39  0.9936  941
  32   40  0.9944 2455
  32   41  0.9869 4936
  32   42  0.9936 3700
  32   43  0.9915 1768
  32   44  0.9849 2460
  32   45  0.9920 1198
  32   46  0.9890  949
  32   47  0.9805 2419
  32   48  0.9842 4876
  32   49  0.9777 3600
  32   50  0.9874 1745
  32   51  0.9939 1200
  32   52  0.9888  937
  32   53  0.9879 2428
  32   54  0.9887 4902
  32   55  0.9824 4853
  32   56  0.9924 3628
  32   57  0.8085 1693
  32   58  0.7090 1093
  32   59  0.9895 3589
  32   60  0.9563 1815
  32   61  0.9830  830
  32   62  0.9888 1063
  32   63  0.9765 1782
  32   64  0.9906 3988
  32   65  0.9895 4746
  32   66  0.9562 1733
  32   67  0.9722 1752
  32   68  0.9833  792
  32   69  0.9889 1009
  32   70  0.9792 1769
  32   71  0.9705 3989
  32   72  0.9870 4702
  32   73  0.9475 1621
  32   74  0.9835  774
  32   75  0.9841  997
  32   76  0.9624 1668
  32   77  0.9801 3985
  32   78  0.9875 3970
  32   79  0.9317 4648
  32   80  0.9478 1555
  32   81  0.9679  725
  32   82  0.9867 4714
  33   34  0.7129 2537
  33   35  0.8688 2961
  33   36  0.8790 3237
  33   37  0.8977 3292
  33   38  0.9288 3969
  33   39  0.8671 3393
  33   40  0.8251 2360
  33   41  0.9466 1714
  33   42  0.9471 1534
  33   43  0.8968 3319
  33   44  0.8268 2330
  33   45  0.9224 3908
  33   46  0.8650 3392
  33   47  0.8203 2349
  33   48  0.9359 1701
  33   49  0.9554 1470
  33   50  0.8909 3281
  33   51  0.9166 3931
  33   52  0.8659 3382
  33   53  0.8316 2342
  33   54  0.9540 1700
  33   55  0.9526 1686
  33   56  0.9492 1488
  33   57  0.6176 3196
  33   58  0.6685 3527
  33   59  0.9582 1441
  33   60  0.9443  887
  33   61  0.9408 2416
  33   62  0.8987 3807
  33   63  0.8750 3639
  33   64  0.8890 2765
  33   65  0.9542 1455
  33   66  0.9425  899
  33   67  0.8664 3643
  33   68  0.9420 2430
  33   69  0.8984 3636
  33   70  0.8719 3528
  33   71  0.8570 2713
  33   72  0.9509 1440
  33   73  0.9432  882
  33   74  0.9393 2406
  33   75  0.8987 3562
  33   76  0.8612 3319
  33   77  0.8897 2652
  33   78  0.8871 2765
  33   79  0.9040 1398
  33   80  0.9412  900
  33   81  0.9241 2422
  33   82  0.9485 1458
  34   35  0.9523  698
  34   36  0.8480 2776
  34   37  0.6605 2395
  34   38  0.6298 3103
  34   39  0.8043 3026
  34   40  0.8129 1260
  34   41  0.6807  879
  34   42  0.7766 1278
  34   43  0.6669 2412
  34   44  0.8019 1245
  34   45  0.6406 3038
  34   46  0.8122 3037
  34   47  0.8062 1267
  34   48  0.6996  850
  34   49  0.7627 1255
  34   50  0.6712 2378
  34   51  0.6174 3105
  34   52  0.8229 3033
  34   53  0.8077 1260
  34   54  0.6901  875
  34   55  0.6967  854
  34   56  0.7802 1256
  34   57  0.5077 2295
  34   58  0.5948 2767
  34   59  0.8069 1238
  34   60  0.5327  759
  34   61  0.6554 3400
  34   62  0.7152 3750
  34   63  0.8749 1928
  34   64  0.8542  983
  34   65  0.7480  711
  34   66  0.5314  790
  34   67  0.8688 1959
  34   68  0.6536 3390
  34   69  0.7195 3546
  34   70  0.8798 1822
  34   71  0.7870  941
  34   72  0.7476  709
  34   73  0.5778  741
  34   74  0.6643 3423
  34   75  0.7299 3477
  34   76  0.8769 1640
  34   77  0.8583  885
  34   78  0.8600  976
  34   79  0.6933  707
  34   80  0.5847  824
  34   81  0.6390 3444
  34   82  0.7551  722
  35   36  0.9761 2817
  35   37  0.9870 1295
  35   38  0.9781 1544
  35   39  0.9915 2936
  35   40  0.9917 4591
  35   41  0.9920 3515
  35   42  0.9942 1577
  35   43  0.9948 1299
  35   44  0.9831 4537
  35   45  0.9897 1529
  35   46  0.9925 2931
  35   47  0.9774 4554
  35   48  0.9851 3472
  35   49  0.9477 1503
  35   50  0.9925 1288
  35   51  0.9870 1530
  35   52  0.9884 2919
  35   53  0.9844 4555
  35   54  0.9899 3475
  35   55  0.9856 3436
  35   56  0.9882 1531
  35   57  0.7967 1248
  35   58  0.7382 1405
  35   59  0.9773 1474
  35   60  0.9847  660
  35   61  0.9774  678
  35   62  0.9746 1788
  35   63  0.9809 4070
  35   64  0.9889 5209
  35   65  0.9818 2487
  35   66  0.9797  632
  35   67  0.9751 3998
  35   68  0.9716  675
  35   69  0.9772 1709
  35   70  0.9809 4031
  35   71  0.9805 5093
  35   72  0.9829 2430
  35   73  0.9788  595
  35   74  0.9780  678
  35   75  0.9718 1703
  35   76  0.9728 3887
  35   77  0.9782 4969
  35   78  0.9860 5196
  35   79  0.9302 2351
  35   80  0.9817  570
  35   81  0.9584  655
  35   82  0.9782 2475
  36   37  0.9623 1752
  36   38  0.9410 3117
  36   39  0.9595 6546
  36   40  0.9778 2712
  36   41  0.9815 1374
  36   42  0.9789 1537
  36   43  0.9589 1756
  36   44  0.9858 2651
  36   45  0.9453 3045
  36   46  0.9641 6598
  36   47  0.9737 2689
  36   48  0.9482 1330
  36   49  0.9737 1513
  36   50  0.9613 1743
  36   51  0.9276 3106
  36   52  0.9739 6490
  36   53  0.9786 2686
  36   54  0.9813 1357
  36   55  0.9876 1330
  36   56  0.9860 1490
  36   57  0.8204 1648
  36   58  0.6936 2812
  36   59  0.9881 1475
  36   60  0.9883 1259
  36   61  0.9890 2300
  36   62  0.9799 4101
  36   63  0.9921 4660
  36   64  0.9847 2166
  36   65  0.9850  831
  36   66  0.9708 1263
  36   67  0.9874 4676
  36   68  0.9884 2296
  36   69  0.9843 4014
  36   70  0.9910 4498
  36   71  0.9468 2048
  36   72  0.9801  813
  36   73  0.9725 1233
  36   74  0.9890 2305
  36   75  0.9812 3950
  36   76  0.9868 4299
  36   77  0.9843 1937
  36   78  0.9849 2173
  36   79  0.9386  849
  36   80  0.9866 1257
  36   81  0.9826 2296
  36   82  0.9865  824
  37   38  0.9586 3463
  37   39  0.9846 1884
  37   40  0.9898  738
  37   41  0.9887 1267
  37   42  0.9837 3400
  37   43  0.9792 6727
  37   44  0.9879  723
  37   45  0.9814 3415
  37   46  0.9839 1892
  37   47  0.9865  737
  37   48  0.9755 1243
  37   49  0.9610 3295
  37   50  0.9703 6756
  37   51  0.9700 3442
  37   52  0.9759 1863
  37   53  0.9873  722
  37   54  0.9886 1247
  37   55  0.9861 1240
  37   56  0.9850 3337
  37   57  0.7072 6464
  37   58  0.7334 3012
  37   59  0.9735 3241
  37   60  0.9790 2940
  37   61  0.9657 3968
  37   62  0.9745 2699
  37   63  0.9680 1529
  37   64  0.9852 1329
  37   65  0.9869 1745
  37   66  0.9665 2957
  37   67  0.9548 1520
  37   68  0.9612 3905
  37   69  0.9686 2517
  37   70  0.9598 1459
  37   71  0.9575 1317
  37   72  0.9764 1774
  37   73  0.9617 2883
  37   74  0.9487 3812
  37   75  0.9582 2429
  37   76  0.9466 1376
  37   77  0.9783 1281
  37   78  0.9853 1336
  37   79  0.9527 1847
  37   80  0.9674 2934
  37   81  0.9404 3762
  37   82  0.9833 1700
  38   39  0.9886 3343
  38   40  0.9900  978
  38   41  0.9828 1101
  38   42  0.9782 2050
  38   43  0.9834 3515
  38   44  0.9803  953
  38   45  0.9860 6913
  38   46  0.9880 3367
  38   47  0.9856  977
  38   48  0.9755 1073
  38   49  0.9499 1991
  38   50  0.9876 3470
  38   51  0.9928 7078
  38   52  0.9770 3326
  38   53  0.9860  968
  38   54  0.9886 1086
  38   55  0.9828 1073
  38   56  0.9738 1997
  38   57  0.7864 3367
  38   58  0.6792 6144
  38   59  0.8591 1967
  38   60  0.8045 2099
  38   61  0.9790 3702
  38   62  0.9815 4526
  38   63  0.9662 2482
  38   64  0.9750 1067
  38   65  0.9794  953
  38   66  0.9698 2141
  38   67  0.9515 2503
  38   68  0.9787 3693
  38   69  0.9742 4268
  38   70  0.9620 2351
  38   71  0.9631 1034
  38   72  0.9764  958
  38   73  0.8079 2085
  38   74  0.9723 3680
  38   75  0.9704 4128
  38   76  0.9471 2148
  38   77  0.9783  985
  38   78  0.9751 1072
  38   79  0.9244  995
  38   80  0.9641 2163
  38   81  0.9635 3645
  38   82  0.9812  929
  39   40  0.9947 2827
  39   41  0.9914 1457
  39   42  0.9886 1651
  39   43  0.9896 1887
  39   44  0.9862 2783
  39   45  0.9918 3288
  39   46  0.9913 7005
  39   47  0.9837 2838
  39   48  0.9600 1409
  39   49  0.9782 1615
  39   50  0.9904 1873
  39   51  0.9918 3334
  39   52  0.9830 7005
  39   53  0.9861 2800
  39   54  0.9902 1435
  39   55  0.9888 1401
  39   56  0.9914 1604
  39   57  0.8002 1769
  39   58  0.6415 2979
  39   59  0.9870 1584
  39   60  0.9814 1332
  39   61  0.9816 2476
  39   62  0.9766 4340
  39   63  0.9757 4843
  39   64  0.9799 2266
  39   65  0.9812  889
  39   66  0.9751 1348
  39   67  0.9624 4833
  39   68  0.9793 2459
  39   69  0.9709 4205
  39   70  0.9720 4659
  39   71  0.9536 2143
  39   72  0.9836  871
  39   73  0.9750 1295
  39   74  0.9732 2471
  39   75  0.9629 4133
  39   76  0.9603 4402
  39   77  0.9755 2016
  39   78  0.9816 2265
  39   79  0.8744  904
  39   80  0.9633 1346
  39   81  0.9618 2466
  39   82  0.9786  881
  40   41  0.9928 2838
  40   42  0.9936 1029
  40   43  0.9960  731
  40   44  0.9915 5911
  40   45  0.9911  955
  40   46  0.9945 2846
  40   47  0.9808 5954
  40   48  0.9812 2776
  40   49  0.9757  987
  40   50  0.9946  725
  40   51  0.9927  965
  40   52  0.9949 2817
  40   53  0.9901 5969
  40   54  0.9903 2792
  40   55  0.9910 2753
  40   56  0.9939  982
  40   57  0.8049  665
  40   58  0.5584  880
  40   59  0.9890  965
  40   60  0.9887  882
  40   61  0.9915 1341
  40   62  0.9872 2054
  40   63  0.9835 3858
  40   64  0.9892 4368
  40   65  0.9894 1983
  40   66  0.9825  873
  40   67  0.9770 3782
  40   68  0.9903 1320
  40   69  0.9875 1950
  40   70  0.9809 3802
  40   71  0.9669 4276
  40   72  0.9877 1931
  40   73  0.9812  836
  40   74  0.9854 1309
  40   75  0.9872 1942
  40   76  0.9734 3633
  40   77  0.9842 4179
  40   78  0.9871 4349
  40   79  0.9063 1876
  40   80  0.9844  856
  40   81  0.8789 1290
  40   82  0.9868 2004
  41   42  0.9962 3030
  41   43  0.9917 1269
  41   44  0.9879 2839
  41   45  0.9917 1099
  41   46  0.9939 1464
  41   47  0.9905 2798
  41   48  0.9740 6392
  41   49  0.9716 2949
  41   50  0.9895 1263
  41   51  0.9908 1101
  41   52  0.9929 1449
  41   53  0.9959 2793
  41   54  0.9963 6484
  41   55  0.9942 6348
  41   56  0.9935 2957
  41   57  0.8178 1245
  41   58  0.7111 1002
  41   59  0.9894 2939
  41   60  0.9882 2161
  41   61  0.9921 1225
  41   62  0.9832  827
  41   63  0.9816 1685
  41   64  0.9941 4027
  41   65  0.9903 4882
  41   66  0.9776 2092
  41   67  0.9727 1656
  41   68  0.9908 1202
  41   69  0.9846  794
  41   70  0.9832 1671
  41   71  0.9758 3994
  41   72  0.9889 4817
  41   73  0.9781 1977
  41   74  0.9893 1172
  41   75  0.9802  787
  41   76  0.9679 1606
  41   77  0.9771 3999
  41   78  0.9915 3992
  41   79  0.9245 4751
  41   80  0.9766 1930
  41   81  0.9847 1097
  41   82  0.9871 4874
  42   43  0.9946 3372
  42   44  0.9912 1020
  42   45  0.9941 2007
  42   46  0.9930 1653
  42   47  0.9929 1017
  42   48  0.9753 3015
  42   49  0.9607 6872
  42   50  0.9922 3369
  42   51  0.9877 2044
  42   52  0.9894 1633
  42   53  0.9939 1008
  42   54  0.9948 3006
  42   55  0.9894 2997
  42   56  0.9963 7018
  42   57  0.8642 3244
  42   58  0.7221 1741
  42   59  0.9615 6784
  42   60  0.9053 3927
  42   61  0.9733 2823
  42   62  0.9711 1397
  42   63  0.9725 1255
  42   64  0.9914 2345
  42   65  0.9896 3669
  42   66  0.9667 3906
  42   67  0.9612 1279
  42   68  0.9670 2716
  42   69  0.9655 1302
  42   70  0.9776 1235
  42   71  0.9671 2307
  42   72  0.9839 3704
  42   73  0.9002 3753
  42   74  0.9654 2642
  42   75  0.9626 1218
  42   76  0.9642 1146
  42   77  0.9718 2284
  42   78  0.9879 2337
  42   79  0.9277 3784
  42   80  0.9650 3785
  42   81  0.9528 2538
  42   82  0.9875 3619
  43   44  0.9845  716
  43   45  0.9956 3432
  43   46  0.9963 1899
  43   47  0.9961  732
  43   48  0.9844 1246
  43   49  0.9889 3351
  43   50  0.9970 6698
  43   51  0.9935 3509
  43   52  0.9907 1871
  43   53  0.9962  716
  43   54  0.9947 1253
  43   55  0.9851 1245
  43   56  0.9890 3322
  43   57  0.8000 6573
  43   58  0.7119 3018
  43   59  0.9871 3298
  43   60  0.9840 2963
  43   61  0.9735 3966
  43   62  0.9790 2706
  43   63  0.9744 1531
  43   64  0.9794 1330
  43   65  0.9833 1769
  43   66  0.9711 2984
  43   67  0.9597 1526
  43   68  0.9690 3909
  43   69  0.9722 2520
  43   70  0.9712 1460
  43   71  0.9392 1311
  43   72  0.9794 1790
  43   73  0.9669 2899
  43   74  0.9602 3808
  43   75  0.9650 2435
  43   76  0.9651 1376
  43   77  0.9784 1277
  43   78  0.9734 1330
  43   79  0.9218 1865
  43   80  0.9666 2958
  43   81  0.9461 3758
  43   82  0.9803 1723
  44   45  0.9706  931
  44   46  0.9766 2759
  44   47  0.9694 5889
  44   48  0.9785 2775
  44   49  0.9751  977
  44   50  0.9814  712
  44   51  0.9713  941
  44   52  0.9789 2777
  44   53  0.9819 5861
  44   54  0.9882 2797
  44   55  0.9957 2762
  44   56  0.9931  974
  44   57  0.7923  656
  44   58  0.5637  862
  44   59  0.9892  957
  44   60  0.9932  885
  44   61  0.9934 1326
  44   62  0.9945 2027
  44   63  0.9914 3810
  44   64  0.9945 4362
  44   65  0.9927 1994
  44   66  0.9912  878
  44   67  0.9882 3736
  44   68  0.9938 1304
  44   69  0.9947 1927
  44   70  0.9907 3755
  44   71  0.9738 4266
  44   72  0.9941 1943
  44   73  0.9898  841
  44   74  0.9919 1294
  44   75  0.9943 1916
  44   76  0.9860 3591
  44   77  0.9914 4178
  44   78  0.9949 4343
  44   79  0.9028 1885
  44   80  0.9842  859
  44   81  0.8598 1276
  44   82  0.9931 2014
  45   46  0.9957 3281
  45   47  0.9929  953
  45   48  0.9758 1071
  45   49  0.9513 1956
  45   50  0.9944 3441
  45   51  0.9950 6847
  45   52  0.9893 3282
  45   53  0.9895  945
  45   54  0.9928 1085
  45   55  0.9881 1076
  45   56  0.9881 1962
  45   57  0.7394 3282
  45   58  0.7133 6103
  45   59  0.8583 1926
  45   60  0.8057 2063
  45   61  0.9686 3620
  45   62  0.9709 4449
  45   63  0.9661 2436
  45   64  0.9822 1054
  45   65  0.9841  950
  45   66  0.9702 2098
  45   67  0.9444 2464
  45   68  0.9641 3612
  45   69  0.9616 4208
  45   70  0.9605 2311
  45   71  0.9683 1021
  45   72  0.9807  958
  45   73  0.8076 2057
  45   74  0.9517 3589
  45   75  0.9529 4058
  45   76  0.9474 2128
  45   77  0.9794  978
  45   78  0.9767 1057
  45   79  0.9265  995
  45   80  0.9616 2121
  45   81  0.9408 3564
  45   82  0.9844  928
  46   47  0.9926 2827
  46   48  0.9588 1418
  46   49  0.9808 1621
  46   50  0.9962 1882
  46   51  0.9928 3376
  46   52  0.9946 6942
  46   53  0.9925 2823
  46   54  0.9919 1442
  46   55  0.9884 1410
  46   56  0.9928 1605
  46   57  0.8212 1778
  46   58  0.6451 2974
  46   59  0.9871 1591
  46   60  0.9842 1340
  46   61  0.9856 2485
  46   62  0.9713 4347
  46   63  0.9726 4839
  46   64  0.9797 2256
  46   65  0.9833  897
  46   66  0.9707 1353
  46   67  0.9581 4826
  46   68  0.9829 2466
  46   69  0.9664 4214
  46   70  0.9688 4655
  46   71  0.9479 2134
  46   72  0.9819  878
  46   73  0.9721 1302
  46   74  0.9785 2482
  46   75  0.9573 4141
  46   76  0.9575 4397
  46   77  0.9780 2009
  46   78  0.9765 2256
  46   79  0.8999  912
  46   80  0.9735 1355
  46   81  0.9672 2472
  46   82  0.9794  889
  47   48  0.9663 2731
  47   49  0.9608  976
  47   50  0.9941  726
  47   51  0.9893  965
  47   52  0.9897 2837
  47   53  0.9951 5938
  47   54  0.9872 2754
  47   55  0.9771 2709
  47   56  0.9920  972
  47   57  0.8017  667
  47   58  0.5541  877
  47   59  0.9761  958
  47   60  0.9825  875
  47   61  0.9856 1340
  47   62  0.9784 2053
  47   63  0.9674 3842
  47   64  0.9666 4337
  47   65  0.9794 1946
  47   66  0.9770  867
  47   67  0.9584 3764
  47   68  0.9717 1318
  47   69  0.9786 1949
  47   70  0.9655 3781
  47   71  0.9465 4248
  47   72  0.9753 1899
  47   73  0.9730  830
  47   74  0.9773 1308
  47   75  0.9703 1939
  47   76  0.9540 3617
  47   77  0.9602 4150
  47   78  0.9607 4319
  47   79  0.9118 1842
  47   80  0.9776  851
  47   81  0.9166 1291
  47   82  0.9765 1966
  48   49  0.9711 2893
  48   50  0.9816 1239
  48   51  0.9774 1074
  48   52  0.9574 1403
  48   53  0.9739 2733
  48   54  0.9823 6355
  48   55  0.9755 6339
  48   56  0.9797 2942
  48   57  0.8137 1223
  48   58  0.6852  982
  48   59  0.9726 2875
  48   60  0.9475 2090
  48   61  0.9484 1183
  48   62  0.9336  792
  48   63  0.9602 1650
  48   64  0.9869 3969
  48   65  0.9725 4850
  48   66  0.9361 2026
  48   67  0.9567 1626
  48   68  0.9478 1153
  48   69  0.9305  762
  48   70  0.9698 1647
  48   71  0.9543 3934
  48   72  0.9708 4779
  48   73  0.9359 1917
  48   74  0.9562 1131
  48   75  0.9383  750
  48   76  0.9579 1578
  48   77  0.9834 3941
  48   78  0.9839 3932
  48   79  0.9029 4711
  48   80  0.9494 1868
  48   81  0.9448 1052
  48   82  0.9674 4842
  49   50  0.9870 3286
  49   51  0.9534 1983
  49   52  0.9817 1601
  49   53  0.9672  966
  49   54  0.9764 2930
  49   55  0.9770 2884
  49   56  0.9551 6794
  49   57  0.8917 3211
  49   58  0.7054 1704
  49   59  0.9812 6773
  49   60  0.9521 3867
  49   61  0.9547 2774
  49   62  0.9766 1356
  49   63  0.9735 1218
  49   64  0.9650 2265
  49   65  0.9741 3564
  49   66  0.9349 3835
  49   67  0.9662 1245
  49   68  0.9477 2683
  49   69  0.9684 1273
  49   70  0.9746 1200
  49   71  0.9358 2224
  49   72  0.9700 3598
  49   73  0.9334 3705
  49   74  0.9459 2593
  49   75  0.9682 1197
  49   76  0.9682 1121
  49   77  0.9709 2207
  49   78  0.9605 2257
  49   79  0.9013 3674
  49   80  0.9446 3715
  49   81  0.9339 2495
  49   82  0.9694 3513
  50   51  0.9943 3455
  50   52  0.9899 1860
  50   53  0.9960  711
  50   54  0.9935 1244
  50   55  0.9845 1241
  50   56  0.9858 3319
  50   57  0.8284 6444
  50   58  0.7146 3025
  50   59  0.9852 3224
  50   60  0.9835 2931
  50   61  0.9703 3949
  50   62  0.9789 2678
  50   63  0.9730 1520
  50   64  0.9752 1304
  50   65  0.9804 1748
  50   66  0.9722 2949
  50   67  0.9591 1515
  50   68  0.9676 3892
  50   69  0.9722 2512
  50   70  0.9730 1456
  50   71  0.9379 1292
  50   72  0.9787 1773
  50   73  0.9685 2876
  50   74  0.9602 3789
  50   75  0.9673 2424
  50   76  0.9680 1379
  50   77  0.9740 1259
  50   78  0.9700 1312
  50   79  0.9115 1845
  50   80  0.9641 2926
  50   81  0.9472 3740
  50   82  0.9792 1703
  51   52  0.9819 3326
  51   53  0.9900  963
  51   54  0.9950 1090
  51   55  0.9882 1076
  51   56  0.9790 1995
  51   57  0.7630 3350
  51   58  0.6953 6096
  51   59  0.8582 1961
  51   60  0.8044 2093
  51   61  0.9707 3697
  51   62  0.9694 4501
  51   63  0.9562 2468
  51   64  0.9834 1047
  51   65  0.9851  947
  51   66  0.9694 2131
  51   67  0.9361 2492
  51   68  0.9677 3693
  51   69  0.9597 4248
  51   70  0.9504 2338
  51   71  0.9706 1021
  51   72  0.9810  953
  51   73  0.8091 2081
  51   74  0.9573 3674
  51   75  0.9519 4105
  51   76  0.9335 2141
  51   77  0.9831  967
  51   78  0.9761 1049
  51   79  0.9286  990
  51   80  0.9569 2157
  51   81  0.9471 3640
  51   82  0.9868  922
  52   53  0.9915 2808
  52   54  0.9909 1432
  52   55  0.9879 1397
  52   56  0.9897 1593
  52   57  0.8290 1753
  52   58  0.6639 2965
  52   59  0.9874 1572
  52   60  0.9831 1328
  52   61  0.9834 2468
  52   62  0.9699 4334
  52   63  0.9758 4804
  52   64  0.9803 2249
  52   65  0.9868  888
  52   66  0.9688 1341
  52   67  0.9634 4787
  52   68  0.9806 2452
  52   69  0.9678 4199
  52   70  0.9719 4619
  52   71  0.9554 2124
  52   72  0.9843  875
  52   73  0.9702 1287
  52   74  0.9775 2464
  52   75  0.9596 4126
  52   76  0.9620 4367
  52   77  0.9741 1997
  52   78  0.9782 2251
  52   79  0.9077  903
  52   80  0.9731 1339
  52   81  0.9658 2459
  52   82  0.9836  880
  53   54  0.9938 2760
  53   55  0.9901 2714
  53   56  0.9942  969
  53   57  0.8098  651
  53   58  0.5615  874
  53   59  0.9840  948
  53   60  0.9844  878
  53   61  0.9897 1332
  53   62  0.9834 2035
  53   63  0.9735 3832
  53   64  0.9805 4328
  53   65  0.9848 1953
  53   66  0.9728  868
  53   67  0.9645 3755
  53   68  0.9774 1316
  53   69  0.9831 1936
  53   70  0.9731 3776
  53   71  0.9591 4241
  53   72  0.9820 1903
  53   73  0.9726  830
  53   74  0.9817 1306
  53   75  0.9749 1927
  53   76  0.9628 3610
  53   77  0.9746 4140
  53   78  0.9761 4307
  53   79  0.9180 1848
  53   80  0.9851  849
  53   81  0.9149 1287
  53   82  0.9839 1971
  54   55  0.9939 6316
  54   56  0.9956 2943
  54   57  0.8303 1230
  54   58  0.7214  992
  54   59  0.9919 2912
  54   60  0.9903 2140
  54   61  0.9930 1214
  54   62  0.9898  810
  54   63  0.9809 1654
  54   64  0.9943 3990
  54   65  0.9933 4848
  54   66  0.9806 2070
  54   67  0.9767 1627
  54   68  0.9924 1193
  54   69  0.9880  779
  54   70  0.9845 1649
  54   71  0.9780 3964
  54   72  0.9926 4782
  54   73  0.9798 1962
  54   74  0.9929 1166
  54   75  0.9888  771
  54   76  0.9688 1586
  54   77  0.9776 3965
  54   78  0.9925 3959
  54   79  0.9297 4719
  54   80  0.9829 1909
  54   81  0.9851 1089
  54   82  0.9910 4837
  55   56  0.9915 2932
  55   57  0.8357 1221
  55   58  0.7065  989
  55   59  0.9930 2863
  55   60  0.9934 2103
  55   61  0.9932 1199
  55   62  0.9931  799
  55   63  0.9831 1627
  55   64  0.9966 3949
  55   65  0.9918 4839
  55   66  0.9837 2037
  55   67  0.9785 1604
  55   68  0.9918 1173
  55   69  0.9919  770
  55   70  0.9879 1624
  55   71  0.9756 3912
  55   72  0.9921 4770
  55   73  0.9839 1928
  55   74  0.9922 1139
  55   75  0.9919  755
  55   76  0.9776 1564
  55   77  0.9850 3922
  55   78  0.9946 3912
  55   79  0.9232 4703
  55   80  0.9801 1874
  55   81  0.9857 1063
  55   82  0.9896 4833
  56   57  0.8579 3201
  56   58  0.7300 1710
  56   59  0.9613 6698
  56   60  0.9117 3876
  56   61  0.9758 2760
  56   62  0.9719 1359
  56   63  0.9805 1216
  56   64  0.9932 2271
  56   65  0.9933 3611
  56   66  0.9758 3856
  56   67  0.9720 1245
  56   68  0.9711 2659
  56   69  0.9660 1270
  56   70  0.9861 1200
  56   71  0.9686 2241
  56   72  0.9889 3645
  56   73  0.9091 3702
  56   74  0.9683 2583
  56   75  0.9659 1187
  56   76  0.9758 1117
  56   77  0.9768 2211
  56   78  0.9908 2270
  56   79  0.9360 3724
  56   80  0.9737 3726
  56   81  0.9576 2475
  56   82  0.9921 3556
  57   58  0.4976 2905
  57   59  0.8766 3168
  57   60  0.8262 2883
  57   61  0.8134 3832
  57   62  0.7836 2549
  57   63  0.8061 1439
  57   64  0.7965 1264
  57   65  0.8322 1722
  57   66  0.8325 2905
  57   67  0.7993 1445
  57   68  0.8284 3772
  57   69  0.7848 2373
  57   70  0.8162 1377
  57   71  0.7710 1251
  57   72  0.8446 1749
  57   73  0.8274 2821
  57   74  0.8388 3683
  57   75  0.7948 2288
  57   76  0.8334 1286
  57   77  0.8008 1219
  57   78  0.7958 1268
  57   79  0.7269 1815
  57   80  0.8050 2870
  57   81  0.8326 3632
  57   82  0.8390 1682
  58   59  0.6347 1673
  58   60  0.5900 1804
  58   61  0.7420 3201
  58   62  0.7628 4111
  58   63  0.6745 2230
  58   64  0.7404  976
  58   65  0.7438  866
  58   66  0.6666 1828
  58   67  0.6690 2261
  58   68  0.7386 3206
  58   69  0.7781 3918
  58   70  0.6839 2125
  58   71  0.7246  944
  58   72  0.7316  871
  58   73  0.5875 1795
  58   74  0.7379 3194
  58   75  0.7776 3803
  58   76  0.6841 1973
  58   77  0.7382  912
  58   78  0.7158  975
  58   79  0.7161  898
  58   80  0.7218 1843
  58   81  0.7397 3184
  58   82  0.7450  845
  59   60  0.9901 3847
  59   61  0.9088 2714
  59   62  0.9882 1313
  59   63  0.9822 1177
  59   64  0.9900 2248
  59   65  0.9910 3547
  59   66  0.9204 3819
  59   67  0.9758 1206
  59   68  0.9012 2617
  59   69  0.9844 1228
  59   70  0.9782 1154
  59   71  0.9726 2214
  59   72  0.9869 3581
  59   73  0.9736 3679
  59   74  0.8993 2544
  59   75  0.9826 1157
  59   76  0.9717 1080
  59   77  0.9800 2190
  59   78  0.9895 2246
  59   79  0.9293 3661
  59   80  0.9242 3696
  59   81  0.8883 2447
  59   82  0.9887 3492
  60   61  0.8306 2535
  60   62  0.9933  724
  60   63  0.9905  437
  60   64  0.9937  668
  60   65  0.9901 2417
  60   66  0.9491 5417
  60   67  0.9863  466
  60   68  0.8175 2444
  60   69  0.9910  663
  60   70  0.9816  420
  60   71  0.9553  639
  60   72  0.9812 2443
  60   73  0.9906 5202
  60   74  0.8112 2352
  60   75  0.9939  614
  60   76  0.9791  384
  60   77  0.9786  626
  60   78  0.9939  653
  60   79  0.9255 2568
  60   80  0.9427 5131
  60   81  0.8041 2201
  60   82  0.9888 2355
  61   62  0.9975 3095
  61   63  0.9907 1427
  61   64  0.9932 1097
  61   65  0.9920  994
  61   66  0.9912 2608
  61   67  0.9852 1459
  61   68  0.9969 6106
  61   69  0.9972 2896
  61   70  0.9887 1354
  61   71  0.9693 1040
  61   72  0.9914  996
  61   73  0.8247 2545
  61   74  0.9952 5996
  61   75  0.9949 2784
  61   76  0.9781 1244
  61   77  0.9908 1001
  61   78  0.9930 1091
  61   79  0.9326 1001
  61   80  0.9880 2740
  61   81  0.9889 5772
  61   82  0.9929 1000
  62   63  0.9924 3315
  62   64  0.9910 1630
  62   65  0.9941  829
  62   66  0.9794  749
  62   67  0.9840 3364
  62   68  0.9965 3121
  62   69  0.9971 6113
  62   70  0.9900 3177
  62   71  0.9594 1575
  62   72  0.9927  812
  62   73  0.9802  726
  62   74  0.9915 3144
  62   75  0.9941 5926
  62   76  0.9795 2957
  62   77  0.9912 1495
  62   78  0.9914 1622
  62   79  0.9123  805
  62   80  0.9866  781
  62   81  0.9865 3201
  62   82  0.9928  833
  63   64  0.9879 3358
  63   65  0.9878 1196
  63   66  0.9862  434
  63   67  0.9953 6581
  63   68  0.9898 1421
  63   69  0.9928 3241
  63   70  0.9973 6436
  63   71  0.9513 3286
  63   72  0.9893 1172
  63   73  0.9878  398
  63   74  0.9871 1419
  63   75  0.9879 3197
  63   76  0.9951 6112
  63   77  0.9849 3166
  63   78  0.9903 3389
  63   79  0.9366 1125
  63   80  0.9826  428
  63   81  0.9796 1455
  63   82  0.9887 1208
  64   65  0.9964 2919
  64   66  0.9856  644
  64   67  0.9859 3327
  64   68  0.9909 1072
  64   69  0.9923 1531
  64   70  0.9864 3337
  64   71  0.9800 6381
  64   72  0.9959 2874
  64   73  0.9874  608
  64   74  0.9937 1068
  64   75  0.9917 1532
  64   76  0.9806 3193
  64   77  0.9878 6305
  64   78  0.9975 6540
  64   79  0.9471 2779
  64   80  0.9899  600
  64   81  0.9811 1059
  64   82  0.9950 2946
  65   66  0.9716 2316
  65   67  0.9892 1164
  65   68  0.9929  969
  65   69  0.9947  795
  65   70  0.9916 1182
  65   71  0.9727 2936
  65   72  0.9965 5967
  65   73  0.9724 2174
  65   74  0.9936  941
  65   75  0.9962  797
  65   76  0.9851 1125
  65   77  0.9813 2909
  65   78  0.9947 2927
  65   79  0.9461 5857
  65   80  0.9836 2085
  65   81  0.8341  884
  65   82  0.9975 5980
  66   67  0.9832  466
  66   68  0.9889 2503
  66   69  0.9803  681
  66   70  0.9697  414
  66   71  0.9552  614
  66   72  0.9573 2354
  66   73  0.9626 5260
  66   74  0.9893 2428
  66   75  0.9845  633
  66   76  0.9613  376
  66   77  0.9645  600
  66   78  0.9870  630
  66   79  0.9204 2468
  66   80  0.9638 5225
  66   81  0.9743 2252
  66   82  0.9707 2271
  67   68  0.9852 1447
  67   69  0.9847 3261
  67   70  0.9945 6405
  67   71  0.9493 3213
  67   72  0.9896 1141
  67   73  0.9851  426
  67   74  0.9842 1451
  67   75  0.9843 3253
  67   76  0.9946 5989
  67   77  0.9844 3139
  67   78  0.9897 3316
  67   79  0.9425 1096
  67   80  0.9804  459
  67   81  0.9786 1485
  67   82  0.9911 1178
  68   69  0.9961 2893
  68   70  0.9881 1350
  68   71  0.9664 1024
  68   72  0.9946  971
  68   73  0.8152 2461
  68   74  0.9955 5954
  68   75  0.9956 2827
  68   76  0.9783 1255
  68   77  0.9885  977
  68   78  0.9907 1068
  68   79  0.9126  969
  68   80  0.9896 2619
  68   81  0.9672 5823
  68   82  0.9937  976
  69   70  0.9900 3072
  69   71  0.9621 1484
  69   72  0.9937  781
  69   73  0.9833  669
  69   74  0.9938 2941
  69   75  0.9951 5760
  69   76  0.9804 2920
  69   77  0.9916 1418
  69   78  0.9927 1525
  69   79  0.9273  769
  69   80  0.9855  708
  69   81  0.9885 2960
  69   82  0.9938  800
  70   71  0.9513 3232
  70   72  0.9941 1156
  70   73  0.9770  380
  70   74  0.9876 1355
  70   75  0.9898 3060
  70   76  0.9952 6061
  70   77  0.9848 3150
  70   78  0.9885 3322
  70   79  0.9317 1111
  70   80  0.9734  405
  70   81  0.9784 1379
  70   82  0.9922 1193
  71   72  0.9725 2861
  71   73  0.9628  575
  71   74  0.9712 1019
  71   75  0.9639 1483
  71   76  0.9471 3115
  71   77  0.9411 6278
  71   78  0.9838 6442
  71   79  0.9268 2792
  71   80  0.9386  567
  71   81  0.9562 1010
  71   82  0.9745 2919
  72   73  0.9557 2199
  72   74  0.9933  939
  72   75  0.9941  786
  72   76  0.9872 1100
  72   77  0.9811 2869
  72   78  0.9940 2847
  72   79  0.9340 5875
  72   80  0.9879 2120
  72   81  0.8134  883
  72   82  0.9969 5929
  73   74  0.8093 2370
  73   75  0.9836  610
  73   76  0.9575  354
  73   77  0.9623  566
  73   78  0.9911  591
  73   79  0.9176 2330
  73   80  0.9254 5092
  73   81  0.8037 2225
  73   82  0.9692 2116
  74   75  0.9957 2801
  74   76  0.9784 1245
  74   77  0.9908  971
  74   78  0.9929 1062
  74   79  0.9415  944
  74   80  0.9873 2540
  74   81  0.9918 5802
  74   82  0.9932  950
  75   76  0.9823 2863
  75   77  0.9908 1416
  75   78  0.9931 1524
  75   79  0.9485  771
  75   80  0.9846  656
  75   81  0.9470 2845
  75   82  0.9954  801
  76   77  0.9818 3019
  76   78  0.9844 3223
  76   79  0.9340 1055
  76   80  0.9795  372
  76   81  0.9698 1265
  76   82  0.9866 1133
  77   78  0.9824 6241
  77   79  0.9238 2767
  77   80  0.9827  557
  77   81  0.9775  961
  77   82  0.9767 2933
  78   79  0.9471 2773
  78   80  0.9865  582
  78   81  0.9804 1053
  78   82  0.9940 2906
  79   80  0.9221 2239
  79   81  0.8738  885
  79   82  0.9499 5754
  80   81  0.9848 2377
  80   82  0.9896 2030
  81   82  0.8179  891
