   i    j      cc  nref
   0    1  0.9731 8111
   0    2  0.9910 15384
   0    3  0.9823 8143
   0    4  0.9818 12744
   0    5  0.9870 12695
   0    6  0.9863 12759
   0    7  0.9937 12706
   0    8  0.9627 8267
   0    9  0.9831 2327
   0   10  0.8086 2289
   0   11  0.9919 8341
   0   12  0.9119 13154
   0   13  0.9808 13142
   0   14  0.8098 6518
   0   15  0.9760 9195
   0   16  0.9140 11593
   0   17  0.9847 9233
   0   18  0.9385 11380
   0   19  0.7107 12104
   0   20  0.9626 9554
   0   21  0.6534 9725
   0   22  0.9730 12009
   0   23  0.9914 12025
   0   24  0.9914 11826
   0   25  0.9853 12081
   0   26  0.9657 11783
   0   27  0.9907 7710
   0   28  0.9659 8861
   0   29  0.9916 7750
   0   30  0.9817 8821
   0   31  0.8157 3126
   0   32  0.9776 7889
   0   33  0.9583 7874
   0   34  0.9699 3115
   0   35  0.9738 4536
   0   36  0.9775 14866
   0   37  0.9698 4452
   0   38  0.9801 14882
   0   39  0.9819 11091
   0   40  0.9660 4430
   0   41  0.9839 11067
   0   42  0.9868 4414
   0   43  0.9315 11432
   0   44  0.9905 13503
   0   45  0.9513 13520
   0   46  0.9880 11323
   0   47  0.9669 8383
   0   48  0.9341 7055
   0   49  0.9571 8525
   0   50  0.9661 3593
   0   51  0.9734 12423
   0   52  0.9335 3648
   0   53  0.9691 12260
   0   54  0.9425 15023
   0   55  0.9569 13636
   0   56  0.9685 15096
   0   57  0.9670 6334
   0   58  0.9575 9217
   0   59  0.9629 12996
   0   60  0.9727 12534
   0   61  0.7794 12749
   0   62  0.8885 13979
   0   63  0.9662 14284
   0   64  0.9781 11856
   0   65  0.9739 14245
   0   66  0.9716 9333
   0   67  0.9092 9187
   0   68  0.8873 4804
   0   69  0.6905 6428
   0   70  0.9727 5747
   0   71  0.9694 10120
   0   72  0.9683 6076
   0   73  0.9749 10195
   0   74  0.9742 6165
   0   75  0.9763 4787
   0   76  0.9173 14534
   0   77  0.9269 5013
   0   78  0.9686 14538
   0   79  0.9752 13194
   0   80  0.9660 12776
   0   81  0.8343 12844
   0   82  0.9684 13143
   1    2  0.9685 8093
   1    3  0.9523 24656
   1    4  0.9590 15393
   1    5  0.9593 15422
   1    6  0.9689 15333
   1    7  0.9767 15388
   1    8  0.9109 23308
   1    9  0.9777 11939
   1   10  0.7630 11801
   1   11  0.9719 23237
   1   12  0.8980 16698
   1   13  0.9552 16628
   1   14  0.7882 14118
   1   15  0.9484 17371
   1   16  0.9102 10415
   1   17  0.9639 17387
   1   18  0.8713 10263
   1   19  0.6569 17135
   1   20  0.9310 19688
   1   21  0.7152 19731
   1   22  0.9481 16986
   1   23  0.9715 15184
   1   24  0.9758 14703
   1   25  0.9699 15536
   1   26  0.9465 14581
   1   27  0.9736 8314
   1   28  0.9379 19075
   1   29  0.9720 8370
   1   30  0.9642 18950
   1   31  0.8100 12085
   1   32  0.9614 17252
   1   33  0.9249 17201
   1   34  0.9547 12015
   1   35  0.9643 18029
   1   36  0.9615 13454
   1   37  0.9636 17922
   1   38  0.9655 13475
   1   39  0.9664 19779
   1   40  0.9708 18694
   1   41  0.9677 19889
   1   42  0.9660 18689
   1   43  0.9522 17592
   1   44  0.9637 11055
   1   45  0.9202 11038
   1   46  0.9714 17693
   1   47  0.9513 20054
   1   48  0.9133 21138
   1   49  0.9368 20127
   1   50  0.9521 16691
   1   51  0.9631 16813
   1   52  0.9362 16724
   1   53  0.9390 16588
   1   54  0.9183 10362
   1   55  0.9509 14687
   1   56  0.9437 10354
   1   57  0.9379 19468
   1   58  0.9227 5492
   1   59  0.9558 12875
   1   60  0.9586 12812
   1   61  0.6094 12682
   1   62  0.8122 13003
   1   63  0.9495 15201
   1   64  0.9506 19261
   1   65  0.9432 12287
   1   66  0.9531 20039
   1   67  0.9180 19897
   1   68  0.8474 17316
   1   69  0.5857 19558
   1   70  0.9609 18881
   1   71  0.9557 19593
   1   72  0.9564 19945
   1   73  0.9633 19655
   1   74  0.9632 20083
   1   75  0.9585 17584
   1   76  0.9041 14268
   1   77  0.9287 17918
   1   78  0.9391 14244
   1   79  0.9501 10394
   1   80  0.9622 18741
   1   81  0.8579 18822
   1   82  0.9408 10315
   2    3  0.9895 8126
   2    4  0.9810 12717
   2    5  0.9891 12678
   2    6  0.9839 12694
   2    7  0.9922 12696
   2    8  0.9722 8246
   2    9  0.9943 2323
   2   10  0.7862 2284
   2   11  0.9948 8318
   2   12  0.9130 13083
   2   13  0.9836 13072
   2   14  0.8048 6480
   2   15  0.9719 9158
   2   16  0.9349 11627
   2   17  0.9819 9198
   2   18  0.9445 11409
   2   19  0.7042 12072
   2   20  0.9766 9518
   2   21  0.6203 9693
   2   22  0.9796 11977
   2   23  0.9925 11983
   2   24  0.9928 11777
   2   25  0.9856 12032
   2   26  0.9668 11736
   2   27  0.9895 7667
   2   28  0.9744 8856
   2   29  0.9903 7707
   2   30  0.9930 8823
   2   31  0.8435 3131
   2   32  0.9924 7888
   2   33  0.9721 7871
   2   34  0.9927 3129
   2   35  0.9816 4543
   2   36  0.9787 14841
   2   37  0.9808 4470
   2   38  0.9858 14850
   2   39  0.9860 11056
   2   40  0.9814 4418
   2   41  0.9875 11036
   2   42  0.9926 4405
   2   43  0.9452 11404
   2   44  0.9901 13482
   2   45  0.9549 13499
   2   46  0.9920 11287
   2   47  0.9735 8344
   2   48  0.9424 7030
   2   49  0.9521 8492
   2   50  0.9730 3605
   2   51  0.9726 12383
   2   52  0.9312 3657
   2   53  0.9673 12217
   2   54  0.9455 15020
   2   55  0.9554 13604
   2   56  0.9690 15093
   2   57  0.9725 6307
   2   58  0.9590 9220
   2   59  0.9664 12945
   2   60  0.9744 12482
   2   61  0.7999 12701
   2   62  0.8817 13948
   2   63  0.9618 14257
   2   64  0.9770 11831
   2   65  0.9726 14218
   2   66  0.9673 9318
   2   67  0.9200 9170
   2   68  0.9006 4776
   2   69  0.6988 6385
   2   70  0.9805 5713
   2   71  0.9708 10096
   2   72  0.9774 6052
   2   73  0.9762 10175
   2   74  0.9792 6147
   2   75  0.9789 4762
   2   76  0.9161 14506
   2   77  0.9241 4993
   2   78  0.9688 14509
   2   79  0.9783 13168
   2   80  0.9699 12736
   2   81  0.8477 12805
   2   82  0.9697 13119
   3    4  0.9803 15431
   3    5  0.9891 15508
   3    6  0.9828 15380
   3    7  0.9869 15421
   3    8  0.9767 23493
   3    9  0.9876 11989
   3   10  0.7853 11892
   3   11  0.9893 23461
   3   12  0.9400 16825
   3   13  0.9874 16740
   3   14  0.8305 14205
   3   15  0.9804 17494
   3   16  0.9329 10490
   3   17  0.9880 17502
   3   18  0.9563 10342
   3   19  0.6912 17296
   3   20  0.9756 19850
   3   21  0.6996 19880
   3   22  0.9902 17150
   3   23  0.9917 15259
   3   24  0.9936 14792
   3   25  0.9890 15624
   3   26  0.9697 14666
   3   27  0.9906 8333
   3   28  0.9775 19257
   3   29  0.9870 8393
   3   30  0.9938 19106
   3   31  0.8622 12187
   3   32  0.9926 17400
   3   33  0.9728 17375
   3   34  0.9929 12106
   3   35  0.9823 18217
   3   36  0.9798 13562
   3   37  0.9803 18104
   3   38  0.9923 13580
   3   39  0.9914 19925
   3   40  0.9842 18797
   3   41  0.9926 20041
   3   42  0.9914 18785
   3   43  0.9474 17742
   3   44  0.9950 11132
   3   45  0.9502 11130
   3   46  0.9921 17844
   3   47  0.9813 20263
   3   48  0.9547 21232
   3   49  0.9551 20338
   3   50  0.9788 16867
   3   51  0.9691 16908
   3   52  0.9330 16895
   3   53  0.9584 16686
   3   54  0.9376 10456
   3   55  0.9585 14820
   3   56  0.9579 10448
   3   57  0.9786 19552
   3   58  0.9662 5538
   3   59  0.9721 13003
   3   60  0.9676 12948
   3   61  0.6544 12815
   3   62  0.8871 13114
   3   63  0.9521 15334
   3   64  0.9774 19398
   3   65  0.9663 12381
   3   66  0.9752 20209
   3   67  0.9358 20074
   3   68  0.8904 17487
   3   69  0.6769 19758
   3   70  0.9831 19068
   3   71  0.9766 19762
   3   72  0.9716 20149
   3   73  0.9708 19818
   3   74  0.9786 20295
   3   75  0.9779 17742
   3   76  0.9018 14391
   3   77  0.9385 18086
   3   78  0.9542 14360
   3   79  0.9647 10474
   3   80  0.9567 18838
   3   81  0.8704 18925
   3   82  0.9674 10394
   4    5  0.9882 22454
   4    6  0.9891 23558
   4    7  0.9864 22406
   4    8  0.9611 15612
   4    9  0.9769 6449
   4   10  0.7647 6370
   4   11  0.9842 15656
   4   12  0.9227 18337
   4   13  0.9729 18212
   4   14  0.8322 12569
   4   15  0.9671 15893
   4   16  0.9333 13806
   4   17  0.9782 15910
   4   18  0.9356 13653
   4   19  0.7210 18733
   4   20  0.9668 16473
   4   21  0.6877 16562
   4   22  0.9686 18550
   4   23  0.9776 17724
   4   24  0.9831 17242
   4   25  0.9757 17967
   4   26  0.9561 17137
   4   27  0.9713 11421
   4   28  0.9670 15130
   4   29  0.9739 11475
   4   30  0.9812 15025
   4   31  0.8424 7066
   4   32  0.9737 13310
   4   33  0.9585 13301
   4   34  0.9686 7004
   4   35  0.9665 10564
   4   36  0.9730 18119
   4   37  0.9660 10463
   4   38  0.9778 18127
   4   39  0.9826 19051
   4   40  0.9725 11936
   4   41  0.9815 19065
   4   42  0.9825 11925
   4   43  0.9145 18141
   4   44  0.9850 16317
   4   45  0.9443 16323
   4   46  0.9859 18085
   4   47  0.9693 15514
   4   48  0.9421 14804
   4   49  0.9579 15713
   4   50  0.9560 9146
   4   51  0.9609 20626
   4   52  0.9350 9191
   4   53  0.9602 20490
   4   54  0.9285 14775
   4   55  0.9453 19068
   4   56  0.9555 14794
   4   57  0.9660 13246
   4   58  0.9538 10892
   4   59  0.9471 16979
   4   60  0.9708 16948
   4   61  0.7595 17038
   4   62  0.8816 16697
   4   63  0.9554 18692
   4   64  0.9759 20549
   4   65  0.9603 16622
   4   66  0.9714 17599
   4   67  0.9252 17436
   4   68  0.8793 10992
   4   69  0.7065 13338
   4   70  0.9734 12437
   4   71  0.9695 18319
   4   72  0.9723 13151
   4   73  0.9713 18403
   4   74  0.9736 13297
   4   75  0.9738 10891
   4   76  0.8781 18067
   4   77  0.9273 11189
   4   78  0.9532 18046
   4   79  0.9648 15294
   4   80  0.9597 21059
   4   81  0.8322 21148
   4   82  0.9589 15267
   5    6  0.9859 22371
   5    7  0.9877 23495
   5    8  0.9745 15453
   5    9  0.9841 6417
   5   10  0.7633 6327
   5   11  0.9855 15478
   5   12  0.9338 18304
   5   13  0.9829 18173
   5   14  0.8250 12568
   5   15  0.9777 15879
   5   16  0.9453 13656
   5   17  0.9845 15902
   5   18  0.9490 13514
   5   19  0.7137 18635
   5   20  0.9776 16333
   5   21  0.7094 16441
   5   22  0.9817 18458
   5   23  0.9901 17730
   5   24  0.9917 17151
   5   25  0.9861 17939
   5   26  0.9645 17049
   5   27  0.9885 11387
   5   28  0.9737 15107
   5   29  0.9906 11445
   5   30  0.9905 15028
   5   31  0.8590 7033
   5   32  0.9887 13230
   5   33  0.9687 13211
   5   34  0.9867 6997
   5   35  0.9777 10589
   5   36  0.9796 18027
   5   37  0.9785 10491
   5   38  0.9880 18055
   5   39  0.9889 18911
   5   40  0.9814 11950
   5   41  0.9896 18911
   5   42  0.9856 11903
   5   43  0.9304 17994
   5   44  0.9927 16102
   5   45  0.9516 16126
   5   46  0.9895 17938
   5   47  0.9762 15386
   5   48  0.9495 14758
   5   49  0.9505 15596
   5   50  0.9691 9094
   5   51  0.9688 20687
   5   52  0.9241 9137
   5   53  0.9629 20544
   5   54  0.9416 14705
   5   55  0.9600 18879
   5   56  0.9652 14722
   5   57  0.9732 13316
   5   58  0.9638 10838
   5   59  0.9668 16983
   5   60  0.9733 16704
   5   61  0.7181 16785
   5   62  0.8911 16609
   5   63  0.9601 18594
   5   64  0.9786 20465
   5   65  0.9685 16370
   5   66  0.9735 17491
   5   67  0.9363 17322
   5   68  0.8878 10967
   5   69  0.7052 13312
   5   70  0.9787 12398
   5   71  0.9751 18255
   5   72  0.9752 13037
   5   73  0.9691 18343
   5   74  0.9754 13185
   5   75  0.9733 10887
   5   76  0.9017 17855
   5   77  0.9309 11175
   5   78  0.9593 17832
   5   79  0.9760 15205
   5   80  0.9587 20972
   5   81  0.8486 21059
   5   82  0.9702 15173
   6    7  0.9902 22241
   6    8  0.9663 15555
   6    9  0.9848 6434
   6   10  0.6980 6340
   6   11  0.9875 15623
   6   12  0.9168 18292
   6   13  0.9797 18176
   6   14  0.8256 12532
   6   15  0.9676 15843
   6   16  0.9356 13787
   6   17  0.9809 15862
   6   18  0.9205 13630
   6   19  0.7179 18711
   6   20  0.9601 16407
   6   21  0.6843 16497
   6   22  0.9671 18530
   6   23  0.9859 17667
   6   24  0.9853 17181
   6   25  0.9812 17895
   6   26  0.9567 17072
   6   27  0.9840 11377
   6   28  0.9579 15063
   6   29  0.9844 11432
   6   30  0.9789 14975
   6   31  0.8138 7048
   6   32  0.9765 13257
   6   33  0.9509 13241
   6   34  0.9704 6994
   6   35  0.9678 10509
   6   36  0.9693 18118
   6   37  0.9662 10402
   6   38  0.9778 18130
   6   39  0.9795 18983
   6   40  0.9785 11883
   6   41  0.9772 18995
   6   42  0.9857 11876
   6   43  0.9354 18086
   6   44  0.9815 16311
   6   45  0.9529 16318
   6   46  0.9896 18030
   6   47  0.9654 15470
   6   48  0.9375 14724
   6   49  0.9598 15670
   6   50  0.9567 9107
   6   51  0.9725 20510
   6   52  0.9322 9150
   6   53  0.9594 20378
   6   54  0.9340 14773
   6   55  0.9586 19068
   6   56  0.9641 14790
   6   57  0.9619 13176
   6   58  0.9422 10876
   6   59  0.9581 16970
   6   60  0.9723 16938
   6   61  0.7198 17026
   6   62  0.8755 16679
   6   63  0.9674 18689
   6   64  0.9728 20473
   6   65  0.9673 16601
   6   66  0.9704 17537
   6   67  0.9217 17367
   6   68  0.8847 10930
   6   69  0.7157 13294
   6   70  0.9726 12389
   6   71  0.9687 18230
   6   72  0.9776 13097
   6   73  0.9753 18317
   6   74  0.9768 13244
   6   75  0.9736 10836
   6   76  0.8942 18060
   6   77  0.9420 11133
   6   78  0.9545 18038
   6   79  0.9709 15287
   6   80  0.9681 20982
   6   81  0.8280 21070
   6   82  0.9582 15262
   7    8  0.9635 15387
   7    9  0.9948 6389
   7   10  0.7718 6303
   7   11  0.9956 15405
   7   12  0.9196 18253
   7   13  0.9859 18137
   7   14  0.8219 12527
   7   15  0.9711 15823
   7   16  0.9391 13632
   7   17  0.9850 15855
   7   18  0.9361 13493
   7   19  0.7014 18557
   7   20  0.9658 16256
   7   21  0.6870 16355
   7   22  0.9736 18376
   7   23  0.9896 17672
   7   24  0.9882 17114
   7   25  0.9829 17901
   7   26  0.9595 17012
   7   27  0.9887 11384
   7   28  0.9670 15024
   7   29  0.9897 11440
   7   30  0.9896 14934
   7   31  0.8535 6994
   7   32  0.9860 13151
   7   33  0.9560 13135
   7   34  0.9932 6944
   7   35  0.9819 10522
   7   36  0.9747 17975
   7   37  0.9800 10422
   7   38  0.9829 17999
   7   39  0.9829 18822
   7   40  0.9825 11890
   7   41  0.9811 18816
   7   42  0.9944 11851
   7   43  0.9440 17889
   7   44  0.9921 16075
   7   45  0.9582 16098
   7   46  0.9932 17845
   7   47  0.9736 15281
   7   48  0.9476 14693
   7   49  0.9652 15486
   7   50  0.9766 9034
   7   51  0.9797 20631
   7   52  0.9500 9075
   7   53  0.9704 20490
   7   54  0.9428 14649
   7   55  0.9665 18814
   7   56  0.9718 14667
   7   57  0.9682 13252
   7   58  0.9568 10838
   7   59  0.9688 16915
   7   60  0.9780 16628
   7   61  0.6993 16718
   7   62  0.8875 16567
   7   63  0.9728 18522
   7   64  0.9788 20377
   7   65  0.9773 16338
   7   66  0.9787 17408
   7   67  0.9281 17236
   7   68  0.8891 10893
   7   69  0.6991 13229
   7   70  0.9835 12299
   7   71  0.9766 18179
   7   72  0.9800 12955
   7   73  0.9804 18268
   7   74  0.9820 13101
   7   75  0.9835 10796
   7   76  0.9052 17791
   7   77  0.9392 11085
   7   78  0.9627 17770
   7   79  0.9803 15176
   7   80  0.9726 20895
   7   81  0.8609 20984
   7   82  0.9717 15147
   8    9  0.9660 11865
   8   10  0.7315 11801
   8   11  0.9649 24817
   8   12  0.9156 16795
   8   13  0.9589 16699
   8   14  0.8133 14354
   8   15  0.9495 17776
   8   16  0.8937 10443
   8   17  0.9558 17765
   8   18  0.9377 10305
   8   19  0.6564 17297
   8   20  0.9534 20002
   8   21  0.6552 20040
   8   22  0.9691 17142
   8   23  0.9686 15532
   8   24  0.9708 15018
   8   25  0.9698 15895
   8   26  0.9545 14880
   8   27  0.9589 8471
   8   28  0.9672 19357
   8   29  0.9552 8542
   8   30  0.9690 19199
   8   31  0.8544 12024
   8   32  0.9650 17462
   8   33  0.9599 17434
   8   34  0.9678 11929
   8   35  0.9544 18255
   8   36  0.9547 13544
   8   37  0.9544 18133
   8   38  0.9694 13564
   8   39  0.9591 20117
   8   40  0.9529 18754
   8   41  0.9679 20232
   8   42  0.9767 18743
   8   43  0.9104 17881
   8   44  0.9681 11219
   8   45  0.9147 11214
   8   46  0.9712 17962
   8   47  0.9478 20532
   8   48  0.9371 21103
   8   49  0.9400 20622
   8   50  0.9522 16888
   8   51  0.9364 16906
   8   52  0.9013 16937
   8   53  0.9269 16690
   8   54  0.9091 10543
   8   55  0.9312 14979
   8   56  0.9323 10527
   8   57  0.9652 19314
   8   58  0.9546 5658
   8   59  0.9493 13117
   8   60  0.9395 13183
   8   61  0.6665 13040
   8   62  0.8786 13178
   8   63  0.9179 15402
   8   64  0.9530 19465
   8   65  0.9385 12476
   8   66  0.9482 20351
   8   67  0.8891 20206
   8   68  0.8966 17601
   8   69  0.7139 19962
   8   70  0.9578 19208
   8   71  0.9459 19987
   8   72  0.9418 20331
   8   73  0.9344 20032
   8   74  0.9519 20500
   8   75  0.9572 17867
   8   76  0.8777 14547
   8   77  0.9079 18210
   8   78  0.9235 14535
   8   79  0.9399 10508
   8   80  0.9136 18940
   8   81  0.8360 19022
   8   82  0.9399 10447
   9   10  0.7591 14051
   9   11  0.9950 11821
   9   12  0.9221 8821
   9   13  0.9845 8784
   9   14  0.8186 7848
   9   15  0.9640 9957
   9   16  0.9376 4904
   9   17  0.9790 9942
   9   18  0.9182 4840
   9   19  0.6521 8700
   9   20  0.9483 11756
   9   21  0.6668 11746
   9   22  0.9776 8633
   9   23  0.9840 6474
   9   24  0.9934 6193
   9   25  0.9809 6739
   9   26  0.9632 6117
   9   27  0.9847 3208
   9   28  0.9715 11406
   9   29  0.9858 3247
   9   30  0.9934 11307
   9   31  0.8809 11766
   9   32  0.9861 10424
   9   33  0.9599 10399
   9   34  0.9848 11683
   9   35  0.9790 11635
   9   36  0.9726 4739
   9   37  0.9775 11636
   9   38  0.9831 4735
   9   39  0.9852 10894
   9   40  0.9763 13150
   9   41  0.9875 10955
   9   42  0.9893 13126
   9   43  0.9527 8625
   9   44  0.9908 3553
   9   45  0.9414 3570
   9   46  0.9915 8703
   9   47  0.9714 11900
   9   48  0.9439 12279
   9   49  0.9647 11941
   9   50  0.9662 12323
   9   51  0.9774 7900
   9   52  0.9507 12327
   9   53  0.9497 7771
   9   54  0.9280 3944
   9   55  0.9601 5531
   9   56  0.9642 3894
   9   57  0.9745 10456
   9   58  0.9539 1638
   9   59  0.9674 5000
   9   60  0.9651 4889
   9   61  0.6824 4747
   9   62  0.8121 5033
   9   63  0.9656 6329
   9   64  0.9668 10626
   9   65  0.9708 4879
   9   66  0.9689 12083
   9   67  0.9254 12054
   9   68  0.8543 11203
   9   69  0.5607 11885
   9   70  0.9773 11798
   9   71  0.9652 11529
   9   72  0.9766 11856
   9   73  0.9788 11532
   9   74  0.9821 11921
   9   75  0.9788 11221
   9   76  0.9133 5521
   9   77  0.9584 11318
   9   78  0.9600 5514
   9   79  0.9707 3809
   9   80  0.9765 9798
   9   81  0.8628 9862
   9   82  0.9632 3726
  10   11  0.7741 11696
  10   12  0.7665 8755
  10   13  0.7855 8702
  10   14  0.7038 7868
  10   15  0.7594 9971
  10   16  0.7879 4797
  10   17  0.7682 9943
  10   18  0.7585 4737
  10   19  0.5434 8606
  10   20  0.7714 11709
  10   21  0.5252 11713
  10   22  0.7958 8548
  10   23  0.7155 6438
  10   24  0.7537 6155
  10   25  0.7283 6706
  10   26  0.7421 6087
  10   27  0.8239 3207
  10   28  0.7530 11307
  10   29  0.8171 3237
  10   30  0.7649 11203
  10   31  0.7230 11701
  10   32  0.7915 10334
  10   33  0.7639 10334
  10   34  0.8026 11601
  10   35  0.7947 11578
  10   36  0.7795 4656
  10   37  0.7903 11582
  10   38  0.8093 4652
  10   39  0.7750 10844
  10   40  0.7834 13075
  10   41  0.7603 10912
  10   42  0.7763 13053
  10   43  0.7488 8546
  10   44  0.7762 3472
  10   45  0.7036 3499
  10   46  0.7703 8615
  10   47  0.7677 11888
  10   48  0.7433 12210
  10   49  0.7419 11905
  10   50  0.7787 12290
  10   51  0.7597 7853
  10   52  0.7437 12272
  10   53  0.7277 7734
  10   54  0.7685 3893
  10   55  0.7807 5439
  10   56  0.7727 3854
  10   57  0.7725 10376
  10   58  0.7151 1600
  10   59  0.7806 4947
  10   60  0.7538 4849
  10   61  0.5181 4703
  10   62  0.6661 4945
  10   63  0.7771 6244
  10   64  0.7813 10588
  10   65  0.7835 4802
  10   66  0.7649 12062
  10   67  0.7187 12040
  10   68  0.6989 11185
  10   69  0.4840 11884
  10   70  0.7839 11790
  10   71  0.7802 11510
  10   72  0.7743 11858
  10   73  0.7726 11505
  10   74  0.7685 11892
  10   75  0.7741 11202
  10   76  0.7469 5428
  10   77  0.7597 11312
  10   78  0.7821 5419
  10   79  0.7620 3728
  10   80  0.7714 9728
  10   81  0.6688 9800
  10   82  0.7624 3650
  11   12  0.9289 16756
  11   13  0.9852 16678
  11   14  0.8191 14271
  11   15  0.9749 17689
  11   16  0.9378 10511
  11   17  0.9870 17687
  11   18  0.9296 10370
  11   19  0.6872 17281
  11   20  0.9640 19899
  11   21  0.7004 19937
  11   22  0.9813 17127
  11   23  0.9911 15505
  11   24  0.9938 14996
  11   25  0.9895 15861
  11   26  0.9682 14859
  11   27  0.9923 8475
  11   28  0.9738 19266
  11   29  0.9915 8543
  11   30  0.9919 19150
  11   31  0.8424 11938
  11   32  0.9904 17404
  11   33  0.9693 17364
  11   34  0.9878 11867
  11   35  0.9817 18103
  11   36  0.9735 13592
  11   37  0.9810 17984
  11   38  0.9853 13606
  11   39  0.9868 20095
  11   40  0.9843 18631
  11   41  0.9888 20213
  11   42  0.9898 18631
  11   43  0.9437 17885
  11   44  0.9937 11295
  11   45  0.9479 11286
  11   46  0.9928 18003
  11   47  0.9789 20435
  11   48  0.9455 21036
  11   49  0.9673 20516
  11   50  0.9739 16738
  11   51  0.9792 16872
  11   52  0.9553 16772
  11   53  0.9612 16660
  11   54  0.9382 10554
  11   55  0.9688 14983
  11   56  0.9683 10552
  11   57  0.9729 19243
  11   58  0.9627 5687
  11   59  0.9737 13126
  11   60  0.9766 13199
  11   61  0.6628 13056
  11   62  0.8694 13213
  11   63  0.9678 15417
  11   64  0.9754 19412
  11   65  0.9736 12506
  11   66  0.9754 20269
  11   67  0.9300 20111
  11   68  0.8795 17482
  11   69  0.6542 19820
  11   70  0.9845 19074
  11   71  0.9758 19912
  11   72  0.9798 20158
  11   73  0.9819 19957
  11   74  0.9838 20316
  11   75  0.9839 17734
  11   76  0.9097 14583
  11   77  0.9461 18079
  11   78  0.9538 14566
  11   79  0.9748 10564
  11   80  0.9748 18918
  11   81  0.8632 18999
  11   82  0.9732 10490
  12   13  0.9196 23817
  12   14  0.7741 11094
  12   15  0.9457 14432
  12   16  0.8844 14065
  12   17  0.9496 14457
  12   18  0.9171 13865
  12   19  0.6373 19827
  12   20  0.9385 17141
  12   21  0.6482 17275
  12   22  0.9382 19701
  12   23  0.9189 16059
  12   24  0.9296 15378
  12   25  0.9177 16249
  12   26  0.8989 15280
  12   27  0.9379 9055
  12   28  0.9158 16636
  12   29  0.9408 9110
  12   30  0.9282 16512
  12   31  0.8185 10052
  12   32  0.9335 15102
  12   33  0.9165 15112
  12   34  0.9341 9983
  12   35  0.9349 12429
  12   36  0.9290 17421
  12   37  0.9393 12346
  12   38  0.9300 17433
  12   39  0.9364 18660
  12   40  0.9343 13257
  12   41  0.9366 18715
  12   42  0.9362 13254
  12   43  0.8861 17722
  12   44  0.9173 15728
  12   45  0.8972 15740
  12   46  0.9316 17683
  12   47  0.9266 15759
  12   48  0.9002 15955
  12   49  0.8878 15914
  12   50  0.9285 11672
  12   51  0.9010 19480
  12   52  0.8639 11697
  12   53  0.9028 19288
  12   54  0.8605 14732
  12   55  0.8751 18271
  12   56  0.8899 14757
  12   57  0.9220 14230
  12   58  0.8887 9993
  12   59  0.8923 16509
  12   60  0.9062 16014
  12   61  0.7404 16112
  12   62  0.8186 17243
  12   63  0.8745 19067
  12   64  0.9130 20120
  12   65  0.8937 16976
  12   66  0.9160 17925
  12   67  0.9006 17797
  12   68  0.8552 12238
  12   69  0.6555 14544
  12   70  0.9266 13693
  12   71  0.9235 18396
  12   72  0.9248 14419
  12   73  0.9072 18475
  12   74  0.9218 14542
  12   75  0.9237 12417
  12   76  0.8194 18173
  12   77  0.8861 12699
  12   78  0.9120 18132
  12   79  0.8943 15219
  12   80  0.9042 20338
  12   81  0.7956 20459
  12   82  0.9066 15160
  13   14  0.7851 10967
  13   15  0.9785 14302
  13   16  0.9407 14032
  13   17  0.9851 14292
  13   18  0.9383 13843
  13   19  0.6652 19690
  13   20  0.9731 17028
  13   21  0.6682 17142
  13   22  0.9827 19550
  13   23  0.9840 15938
  13   24  0.9909 15290
  13   25  0.9852 16139
  13   26  0.9666 15195
  13   27  0.9845 8940
  13   28  0.9688 16567
  13   29  0.9913 8991
  13   30  0.9908 16452
  13   31  0.8760 10017
  13   32  0.9887 15076
  13   33  0.9615 15067
  13   34  0.9901 9956
  13   35  0.9832 12355
  13   36  0.9729 17330
  13   37  0.9810 12274
  13   38  0.9844 17329
  13   39  0.9847 18560
  13   40  0.9829 13167
  13   41  0.9863 18616
  13   42  0.9882 13161
  13   43  0.9393 17635
  13   44  0.9885 15674
  13   45  0.9409 15667
  13   46  0.9865 17596
  13   47  0.9766 15620
  13   48  0.9434 15830
  13   49  0.9510 15791
  13   50  0.9705 11586
  13   51  0.9699 19329
  13   52  0.9312 11627
  13   53  0.9642 19118
  13   54  0.9416 14654
  13   55  0.9589 18134
  13   56  0.9585 14679
  13   57  0.9695 14118
  13   58  0.9527 9942
  13   59  0.9669 16373
  13   60  0.9675 15884
  13   61  0.7184 15967
  13   62  0.8892 17168
  13   63  0.9623 18943
  13   64  0.9737 19930
  13   65  0.9760 16890
  13   66  0.9715 17813
  13   67  0.9368 17658
  13   68  0.8715 12145
  13   69  0.6597 14420
  13   70  0.9816 13587
  13   71  0.9710 18264
  13   72  0.9706 14293
  13   73  0.9690 18357
  13   74  0.9757 14430
  13   75  0.9744 12333
  13   76  0.9178 18062
  13   77  0.9352 12597
  13   78  0.9633 18030
  13   79  0.9685 15168
  13   80  0.9578 20170
  13   81  0.8575 20280
  13   82  0.9637 15105
  14   15  0.8297 15641
  14   16  0.8007 4955
  14   17  0.8291 15711
  14   18  0.7655 4849
  14   19  0.5963 9817
  14   20  0.7784 14084
  14   21  0.6384 14144
  14   22  0.8004 9681
  14   23  0.7975 15449
  14   24  0.8131 15143
  14   25  0.8114 15765
  14   26  0.8309 15055
  14   27  0.7900 9221
  14   28  0.8225 10870
  14   29  0.8196 9291
  14   30  0.8209 10768
  14   31  0.7926 5574
  14   32  0.8326 9308
  14   33  0.8143 9297
  14   34  0.8390 5505
  14   35  0.8445 12290
  14   36  0.8211 9574
  14   37  0.8379 12235
  14   38  0.8073 9591
  14   39  0.8197 15012
  14   40  0.8503 12312
  14   41  0.8078 15036
  14   42  0.8417 12292
  14   43  0.7595 12330
  14   44  0.8277 7213
  14   45  0.8159 7212
  14   46  0.8225 12341
  14   47  0.8204 14610
  14   48  0.8071 13070
  14   49  0.8027 14644
  14   50  0.8436 10661
  14   51  0.7818 13480
  14   52  0.7722 10613
  14   53  0.7807 13391
  14   54  0.7215 6888
  14   55  0.7748 10100
  14   56  0.7695 6937
  14   57  0.8194 12896
  14   58  0.7818 4409
  14   59  0.7602 9608
  14   60  0.8040 10188
  14   61  0.6312 10010
  14   62  0.7152 8120
  14   63  0.7785 9658
  14   64  0.8087 14339
  14   65  0.7651 7370
  14   66  0.8176 15210
  14   67  0.7403 15126
  14   68  0.7626 12614
  14   69  0.5808 13884
  14   70  0.8352 13499
  14   71  0.8107 15205
  14   72  0.8226 13887
  14   73  0.8029 15228
  14   74  0.8172 13889
  14   75  0.8118 12711
  14   76  0.7062 9131
  14   77  0.8147 12937
  14   78  0.8021 9134
  14   79  0.7918 6446
  14   80  0.7895 13448
  14   81  0.6664 13549
  14   82  0.7792 6464
  15   16  0.9193 7715
  15   17  0.9933 22657
  15   18  0.9329 7559
  15   19  0.6328 13846
  15   20  0.9772 18809
  15   21  0.6835 18896
  15   22  0.9775 13654
  15   23  0.9738 17214
  15   24  0.9840 16210
  15   25  0.9769 17577
  15   26  0.9576 16089
  15   27  0.9714 12081
  15   28  0.9575 14348
  15   29  0.9847 12132
  15   30  0.9835 14236
  15   31  0.8541 8044
  15   32  0.9835 12123
  15   33  0.9542 12110
  15   34  0.9810 7940
  15   35  0.9776 15011
  15   36  0.9713 13214
  15   37  0.9775 14938
  15   38  0.9791 13219
  15   39  0.9793 18669
  15   40  0.9750 15416
  15   41  0.9809 18714
  15   42  0.9745 15386
  15   43  0.9459 15754
  15   44  0.9789 9899
  15   45  0.9525 9883
  15   46  0.9780 15743
  15   47  0.9755 17632
  15   48  0.9403 16453
  15   49  0.9335 17701
  15   50  0.9707 13154
  15   51  0.9493 17146
  15   52  0.9184 13093
  15   53  0.9512 17028
  15   54  0.9311 10220
  15   55  0.9485 13237
  15   56  0.9430 10269
  15   57  0.9630 15612
  15   58  0.9414 6153
  15   59  0.9497 12540
  15   60  0.9617 13114
  15   61  0.6716 12913
  15   62  0.8819 11505
  15   63  0.9472 13527
  15   64  0.9689 18740
  15   65  0.9617 10536
  15   66  0.9652 19088
  15   67  0.9272 18982
  15   68  0.8700 15241
  15   69  0.6365 17191
  15   70  0.9731 16511
  15   71  0.9695 19107
  15   72  0.9656 17083
  15   73  0.9576 19120
  15   74  0.9638 17113
  15   75  0.9623 15274
  15   76  0.9081 13025
  15   77  0.9443 15583
  15   78  0.9573 13037
  15   79  0.9570 9100
  15   80  0.9405 17683
  15   81  0.8634 17794
  15   82  0.9609 9089
  16   17  0.9302 7735
  16   18  0.8887 17711
  16   19  0.6985 14711
  16   20  0.9322 10209
  16   21  0.5544 10283
  16   22  0.9376 14624
  16   23  0.9157 10529
  16   24  0.9481 10645
  16   25  0.9453 10585
  16   26  0.9380 10612
  16   27  0.9087 5734
  16   28  0.9093 11876
  16   29  0.9313 5757
  16   30  0.9410 11809
  16   31  0.8434 7193
  16   32  0.9394 11286
  16   33  0.9091 11279
  16   34  0.9367 7159
  16   35  0.9302 6416
  16   36  0.9379 14867
  16   37  0.9191 6364
  16   38  0.9399 14849
  16   39  0.9308 11664
  16   40  0.9246 6968
  16   41  0.9317 11702
  16   42  0.9338 6958
  16   43  0.9011 12838
  16   44  0.9533 15760
  16   45  0.9261 15811
  16   46  0.9217 12715
  16   47  0.9248 9168
  16   48  0.8786 9823
  16   49  0.8848 9368
  16   50  0.9106 6607
  16   51  0.9141 13124
  16   52  0.8588 6696
  16   53  0.9003 12929
  16   54  0.9022 14423
  16   55  0.8981 15613
  16   56  0.9091 14296
  16   57  0.9114 7843
  16   58  0.9515 11691
  16   59  0.9195 13176
  16   60  0.9233 12025
  16   61  0.8023 12344
  16   62  0.8451 15969
  16   63  0.9096 16061
  16   64  0.9010 13452
  16   65  0.9255 16930
  16   66  0.8985 10624
  16   67  0.8734 10478
  16   68  0.8491 5489
  16   69  0.6432 7560
  16   70  0.9172 6680
  16   71  0.9021 11070
  16   72  0.9156 7464
  16   73  0.9004 11174
  16   74  0.9033 7626
  16   75  0.9073 5654
  16   76  0.8931 15962
  16   77  0.8602 5877
  16   78  0.9012 15892
  16   79  0.9324 15928
  16   80  0.9112 14392
  16   81  0.8017 14447
  16   82  0.9190 15824
  17   18  0.9458 7583
  17   19  0.6494 13913
  17   20  0.9769 18749
  17   21  0.7063 18855
  17   22  0.9820 13716
  17   23  0.9837 17229
  17   24  0.9919 16250
  17   25  0.9844 17591
  17   26  0.9614 16128
  17   27  0.9863 12105
  17   28  0.9657 14329
  17   29  0.9894 12160
  17   30  0.9904 14221
  17   31  0.8506 8014
  17   32  0.9871 12097
  17   33  0.9567 12080
  17   34  0.9887 7912
  17   35  0.9851 14989
  17   36  0.9783 13267
  17   37  0.9837 14917
  17   38  0.9860 13266
  17   39  0.9855 18672
  17   40  0.9845 15388
  17   41  0.9860 18714
  17   42  0.9873 15362
  17   43  0.9459 15729
  17   44  0.9881 9949
  17   45  0.9557 9923
  17   46  0.9877 15716
  17   47  0.9804 17627
  17   48  0.9489 16453
  17   49  0.9506 17706
  17   50  0.9802 13098
  17   51  0.9680 17175
  17   52  0.9405 13048
  17   53  0.9625 17039
  17   54  0.9417 10258
  17   55  0.9625 13236
  17   56  0.9611 10307
  17   57  0.9706 15625
  17   58  0.9558 6162
  17   59  0.9631 12545
  17   60  0.9733 13123
  17   61  0.6829 12926
  17   62  0.8909 11556
  17   63  0.9652 13565
  17   64  0.9756 18704
  17   65  0.9746 10558
  17   66  0.9756 19038
  17   67  0.9320 18922
  17   68  0.8781 15233
  17   69  0.6373 17162
  17   70  0.9831 16497
  17   71  0.9789 19070
  17   72  0.9787 17046
  17   73  0.9736 19091
  17   74  0.9777 17092
  17   75  0.9764 15267
  17   76  0.9101 13061
  17   77  0.9580 15568
  17   78  0.9715 13075
  17   79  0.9686 9123
  17   80  0.9612 17660
  17   81  0.8600 17770
  17   82  0.9716 9116
  18   19  0.7547 14541
  18   20  0.9509 10049
  18   21  0.6478 10137
  18   22  0.9735 14426
  18   23  0.9386 10368
  18   24  0.9540 10476
  18   25  0.9389 10419
  18   26  0.9234 10442
  18   27  0.9306 5635
  18   28  0.9364 11741
  18   29  0.9421 5658
  18   30  0.9502 11671
  18   31  0.8505 7126
  18   32  0.9557 11164
  18   33  0.9467 11165
  18   34  0.9490 7088
  18   35  0.9302 6313
  18   36  0.9411 14648
  18   37  0.9325 6264
  18   38  0.9586 14643
  18   39  0.9526 11491
  18   40  0.9455 6857
  18   41  0.9563 11531
  18   42  0.9256 6853
  18   43  0.8832 12671
  18   44  0.9577 15597
  18   45  0.9366 15661
  18   46  0.9555 12571
  18   47  0.9345 9026
  18   48  0.9110 9691
  18   49  0.8748 9219
  18   50  0.9310 6522
  18   51  0.9030 12983
  18   52  0.8236 6613
  18   53  0.9200 12790
  18   54  0.8995 14212
  18   55  0.8931 15438
  18   56  0.8926 14086
  18   57  0.9250 7721
  18   58  0.9250 11684
  18   59  0.9138 12989
  18   60  0.9138 11859
  18   61  0.8154 12163
  18   62  0.8829 15764
  18   63  0.8749 15847
  18   64  0.9297 13285
  18   65  0.9200 16764
  18   66  0.9157 10456
  18   67  0.8997 10309
  18   68  0.8917 5383
  18   69  0.7120 7418
  18   70  0.9241 6554
  18   71  0.9301 10898
  18   72  0.9082 7330
  18   73  0.9043 11003
  18   74  0.9170 7491
  18   75  0.9162 5549
  18   76  0.8525 15744
  18   77  0.8587 5766
  18   78  0.9177 15675
  18   79  0.9219 15777
  18   80  0.8923 14229
  18   81  0.8281 14284
  18   82  0.9357 15673
  19   20  0.6745 15750
  19   21  0.3980 15834
  19   22  0.7162 23660
  19   23  0.6794 14708
  19   24  0.7019 14332
  19   25  0.6727 14891
  19   26  0.6712 14236
  19   27  0.6860 7693
  19   28  0.6702 17302
  19   29  0.6768 7737
  19   30  0.7028 17160
  19   31  0.6035 10663
  19   32  0.6939 15789
  19   33  0.6615 15786
  19   34  0.6820 10592
  19   35  0.6657 12613
  19   36  0.7316 18211
  19   37  0.6643 12510
  19   38  0.7317 18218
  19   39  0.6831 17744
  19   40  0.6534 13715
  19   41  0.6948 17817
  19   42  0.6629 13688
  19   43  0.6319 17792
  19   44  0.7587 15727
  19   45  0.7523 15764
  19   46  0.7292 17705
  19   47  0.6784 15582
  19   48  0.6076 16237
  19   49  0.6661 15752
  19   50  0.6597 11850
  19   51  0.6449 18711
  19   52  0.6266 11902
  19   53  0.6593 18471
  19   54  0.6740 14864
  19   55  0.6592 19303
  19   56  0.6973 14851
  19   57  0.6502 14065
  19   58  0.7583 9056
  19   59  0.6593 16988
  19   60  0.7036 16343
  19   61  0.6449 16467
  19   62  0.6508 17767
  19   63  0.6705 20166
  19   64  0.6987 19610
  19   65  0.7035 17181
  19   66  0.6800 17002
  19   67  0.6466 16871
  19   68  0.6074 11679
  19   69  0.6019 14295
  19   70  0.6575 13308
  19   71  0.6771 17371
  19   72  0.6618 14176
  19   73  0.6840 17464
  19   74  0.6705 14359
  19   75  0.6529 11897
  19   76  0.5773 19180
  19   77  0.6443 12243
  19   78  0.7331 19155
  19   79  0.7247 15008
  19   80  0.6701 20507
  19   81  0.5264 20586
  19   82  0.7287 14898
  20   21  0.6701 24209
  20   22  0.9857 15597
  20   23  0.9747 16829
  20   24  0.9797 16307
  20   25  0.9725 17202
  20   26  0.9498 16165
  20   27  0.9648 10034
  20   28  0.9576 17452
  20   29  0.9684 10096
  20   30  0.9787 17317
  20   31  0.8404 10839
  20   32  0.9782 15295
  20   33  0.9547 15262
  20   34  0.9723 10750
  20   35  0.9668 16499
  20   36  0.9760 13973
  20   37  0.9628 16413
  20   38  0.9833 13958
  20   39  0.9745 20120
  20   40  0.9652 17103
  20   41  0.9792 20189
  20   42  0.9661 17099
  20   43  0.9315 17677
  20   44  0.9783 11346
  20   45  0.9522 11352
  20   46  0.9717 17691
  20   47  0.9675 19009
  20   48  0.9436 18622
  20   49  0.9301 19129
  20   50  0.9629 15280
  20   51  0.9412 17764
  20   52  0.9022 15275
  20   53  0.9464 17611
  20   54  0.9296 11053
  20   55  0.9418 14943
  20   56  0.9451 11064
  20   57  0.9606 17279
  20   58  0.9476 6797
  20   59  0.9557 14048
  20   60  0.9535 14237
  20   61  0.6710 14113
  20   62  0.8729 12914
  20   63  0.9368 15055
  20   64  0.9628 19941
  20   65  0.9554 12369
  20   66  0.9564 20260
  20   67  0.9296 20151
  20   68  0.8714 16383
  20   69  0.6636 18120
  20   70  0.9631 17628
  20   71  0.9658 20212
  20   72  0.9555 18192
  20   73  0.9431 20233
  20   74  0.9528 18295
  20   75  0.9548 16421
  20   76  0.8947 14257
  20   77  0.9222 16693
  20   78  0.9572 14256
  20   79  0.9558 10712
  20   80  0.9303 19445
  20   81  0.8514 19544
  20   82  0.9597 10667
  21   22  0.6931 15697
  21   23  0.7078 16926
  21   24  0.7094 16397
  21   25  0.7133 17279
  21   26  0.6921 16268
  21   27  0.7016 10287
  21   28  0.7020 17450
  21   29  0.7031 10336
  21   30  0.7015 17323
  21   31  0.5828 10807
  21   32  0.7004 15268
  21   33  0.6814 15249
  21   34  0.6728 10715
  21   35  0.6984 16458
  21   36  0.6665 14110
  21   37  0.7029 16371
  21   38  0.6636 14097
  21   39  0.7128 20160
  21   40  0.7194 17062
  21   41  0.7166 20224
  21   42  0.6958 17056
  21   43  0.6893 17810
  21   44  0.6639 11482
  21   45  0.6472 11489
  21   46  0.7201 17805
  21   47  0.7063 19087
  21   48  0.6896 18720
  21   49  0.6545 19177
  21   50  0.6864 15242
  21   51  0.6827 17967
  21   52  0.6162 15212
  21   53  0.6909 17813
  21   54  0.5869 11198
  21   55  0.6584 15084
  21   56  0.6095 11221
  21   57  0.6920 17362
  21   58  0.6208 6908
  21   59  0.6667 14203
  21   60  0.6688 14427
  21   61  0.4769 14291
  21   62  0.5898 13091
  21   63  0.6394 15206
  21   64  0.7071 20084
  21   65  0.6214 12563
  21   66  0.6914 20369
  21   67  0.7322 20271
  21   68  0.5888 16399
  21   69  0.4082 18182
  21   70  0.7040 17662
  21   71  0.7095 20306
  21   72  0.6746 18221
  21   73  0.6841 20337
  21   74  0.6871 18293
  21   75  0.6690 16413
  21   76  0.5965 14405
  21   77  0.6681 16713
  21   78  0.6380 14396
  21   79  0.6254 10881
  21   80  0.6609 19577
  21   81  0.6125 19684
  21   82  0.6332 10846
  22   23  0.9769 14532
  22   24  0.9905 14172
  22   25  0.9838 14705
  22   26  0.9653 14082
  22   27  0.9715 7530
  22   28  0.9732 17195
  22   29  0.9830 7577
  22   30  0.9886 17056
  22   31  0.8760 10614
  22   32  0.9911 15701
  22   33  0.9732 15701
  22   34  0.9871 10546
  22   35  0.9784 12497
  22   36  0.9738 18096
  22   37  0.9771 12395
  22   38  0.9873 18108
  22   39  0.9867 17588
  22   40  0.9828 13606
  22   41  0.9905 17654
  22   42  0.9838 13576
  22   43  0.9356 17626
  22   44  0.9838 15621
  22   45  0.9501 15670
  22   46  0.9853 17535
  22   47  0.9779 15447
  22   48  0.9463 16113
  22   49  0.9374 15616
  22   50  0.9708 11757
  22   51  0.9497 18503
  22   52  0.8982 11805
  22   53  0.9569 18287
  22   54  0.9271 14775
  22   55  0.9410 19156
  22   56  0.9371 14758
  22   57  0.9690 13938
  22   58  0.9532 8959
  22   59  0.9542 16858
  22   60  0.9588 16219
  22   61  0.7342 16341
  22   62  0.8915 17676
  22   63  0.9333 20052
  22   64  0.9698 19429
  22   65  0.9565 17088
  22   66  0.9668 16840
  22   67  0.9419 16713
  22   68  0.8908 11555
  22   69  0.7121 14167
  22   70  0.9747 13194
  22   71  0.9724 17210
  22   72  0.9622 14051
  22   73  0.9539 17293
  22   74  0.9663 14219
  22   75  0.9675 11771
  22   76  0.8919 19073
  22   77  0.9186 12118
  22   78  0.9437 19042
  22   79  0.9541 14915
  22   80  0.9380 20317
  22   81  0.8595 20404
  22   82  0.9583 14803
  23   24  0.9930 19688
  23   25  0.9809 22328
  23   26  0.9637 19572
  23   27  0.9923 11510
  23   28  0.9791 12868
  23   29  0.9900 11589
  23   30  0.9944 12791
  23   31  0.8665 5580
  23   32  0.9926 10911
  23   33  0.9694 10871
  23   34  0.9860 5538
  23   35  0.9820 11582
  23   36  0.9591 15820
  23   37  0.9828 11488
  23   38  0.9792 15815
  23   39  0.9889 18097
  23   40  0.9857 11502
  23   41  0.9910 18116
  23   42  0.9894 11479
  23   43  0.9498 16081
  23   44  0.9780 13498
  23   45  0.9363 13494
  23   46  0.9917 16021
  23   47  0.9817 15493
  23   48  0.9485 13773
  23   49  0.9582 15639
  23   50  0.9797 9716
  23   51  0.9711 18217
  23   52  0.9398 9733
  23   53  0.9640 18048
  23   54  0.9506 12818
  23   55  0.9640 16029
  23   56  0.9683 12865
  23   57  0.9758 13209
  23   58  0.9431 9079
  23   59  0.9715 14942
  23   60  0.9709 15121
  23   61  0.6769 15125
  23   62  0.8809 14063
  23   63  0.9654 15509
  23   64  0.9796 18195
  23   65  0.9737 13557
  23   66  0.9766 16885
  23   67  0.9337 16736
  23   68  0.8862 11429
  23   69  0.6643 13647
  23   70  0.9857 12743
  23   71  0.9790 17501
  23   72  0.9754 13766
  23   73  0.9720 17562
  23   74  0.9791 13847
  23   75  0.9746 11620
  23   76  0.9119 15247
  23   77  0.9519 11928
  23   78  0.9600 15263
  23   79  0.9714 12554
  23   80  0.9589 17871
  23   81  0.8548 17986
  23   82  0.9642 12563
  24   25  0.9920 19949
  24   26  0.9707 21657
  24   27  0.9922 10994
  24   28  0.9837 12685
  24   29  0.9958 11094
  24   30  0.9976 12581
  24   31  0.8679 5569
  24   32  0.9980 9906
  24   33  0.9743 9877
  24   34  0.9952 5511
  24   35  0.9887 11075
  24   36  0.9822 15477
  24   37  0.9894 10979
  24   38  0.9943 15459
  24   39  0.9923 17454
  24   40  0.9905 10954
  24   41  0.9950 17464
  24   42  0.9922 10945
  24   43  0.9505 15683
  24   44  0.9953 13383
  24   45  0.9631 13366
  24   46  0.9935 15619
  24   47  0.9853 14852
  24   48  0.9483 13288
  24   49  0.9522 15011
  24   50  0.9858 9339
  24   51  0.9700 17517
  24   52  0.9406 9363
  24   53  0.9686 17343
  24   54  0.9537 12636
  24   55  0.9616 15586
  24   56  0.9686 12675
  24   57  0.9748 12784
  24   58  0.9662 9094
  24   59  0.9716 14479
  24   60  0.9752 14683
  24   61  0.6997 14702
  24   62  0.8860 13798
  24   63  0.9613 15089
  24   64  0.9799 17391
  24   65  0.9750 13428
  24   66  0.9758 16138
  24   67  0.9372 15990
  24   68  0.8846 10755
  24   69  0.6540 12987
  24   70  0.9880 12036
  24   71  0.9796 16773
  24   72  0.9764 13059
  24   73  0.9730 16843
  24   74  0.9799 13143
  24   75  0.9736 10935
  24   76  0.9056 14913
  24   77  0.9511 11235
  24   78  0.9686 14921
  24   79  0.9794 12460
  24   80  0.9624 17276
  24   81  0.8562 17365
  24   82  0.9746 12460
  25   26  0.9799 19823
  25   27  0.9787 11802
  25   28  0.9813 13158
  25   29  0.9881 11881
  25   30  0.9922 13081
  25   31  0.8587 5797
  25   32  0.9919 11193
  25   33  0.9692 11150
  25   34  0.9887 5739
  25   35  0.9830 11945
  25   36  0.9778 15948
  25   37  0.9840 11852
  25   38  0.9853 15933
  25   39  0.9847 18426
  25   40  0.9863 11853
  25   41  0.9914 18439
  25   42  0.9895 11835
  25   43  0.9400 16318
  25   44  0.9871 13583
  25   45  0.9594 13572
  25   46  0.9886 16264
  25   47  0.9749 15823
  25   48  0.9462 14103
  25   49  0.9586 15976
  25   50  0.9783 10069
  25   51  0.9558 18448
  25   52  0.9411 10095
  25   53  0.9570 18275
  25   54  0.9353 12881
  25   55  0.9513 16178
  25   56  0.9549 12934
  25   57  0.9737 13530
  25   58  0.9546 9113
  25   59  0.9537 15099
  25   60  0.9640 15272
  25   61  0.7037 15264
  25   62  0.8858 14153
  25   63  0.9543 15635
  25   64  0.9753 18466
  25   65  0.9676 13624
  25   66  0.9702 17207
  25   67  0.9268 17053
  25   68  0.8841 11756
  25   69  0.6717 13974
  25   70  0.9845 13075
  25   71  0.9740 17819
  25   72  0.9694 14102
  25   73  0.9618 17879
  25   74  0.9755 14187
  25   75  0.9708 11946
  25   76  0.9024 15379
  25   77  0.9474 12255
  25   78  0.9604 15394
  25   79  0.9676 12599
  25   80  0.9399 18124
  25   81  0.8458 18242
  25   82  0.9586 12608
  26   27  0.9587 10908
  26   28  0.9641 12560
  26   29  0.9715 11001
  26   30  0.9746 12460
  26   31  0.8333 5507
  26   32  0.9679 9772
  26   33  0.9547 9745
  26   34  0.9716 5460
  26   35  0.9615 10956
  26   36  0.9556 15392
  26   37  0.9629 10862
  26   38  0.9630 15375
  26   39  0.9667 17312
  26   40  0.9665 10836
  26   41  0.9716 17326
  26   42  0.9695 10826
  26   43  0.9159 15566
  26   44  0.9704 13338
  26   45  0.9439 13324
  26   46  0.9659 15501
  26   47  0.9523 14726
  26   48  0.9262 13153
  26   49  0.9382 14876
  26   50  0.9576 9250
  26   51  0.9358 17396
  26   52  0.9190 9265
  26   53  0.9359 17224
  26   54  0.9174 12591
  26   55  0.9300 15500
  26   56  0.9350 12628
  26   57  0.9534 12669
  26   58  0.9404 9070
  26   59  0.9348 14395
  26   60  0.9428 14593
  26   61  0.6774 14613
  26   62  0.8681 13731
  26   63  0.9381 15020
  26   64  0.9571 17264
  26   65  0.9506 13373
  26   66  0.9516 16002
  26   67  0.9013 15861
  26   68  0.8702 10634
  26   69  0.6731 12861
  26   70  0.9628 11924
  26   71  0.9536 16641
  26   72  0.9457 12931
  26   73  0.9405 16711
  26   74  0.9515 13004
  26   75  0.9501 10817
  26   76  0.8902 14829
  26   77  0.9227 11118
  26   78  0.9303 14837
  26   79  0.9468 12423
  26   80  0.9206 17160
  26   81  0.8246 17247
  26   82  0.9395 12421
  27   28  0.9786 6048
  27   29  0.9898 14010
  27   30  0.9967 6027
  27   31  0.8872 2138
  27   32  0.9943 4640
  27   33  0.9695 4640
  27   34  0.9938 2108
  27   35  0.9865 5725
  27   36  0.9471 9571
  27   37  0.9882 5661
  27   38  0.9705 9564
  27   39  0.9876 10892
  27   40  0.9892 6357
  27   41  0.9883 10869
  27   42  0.9899 6333
  27   43  0.9506 9786
  27   44  0.9765 8385
  27   45  0.9185 8364
  27   46  0.9895 9746
  27   47  0.9841 9076
  27   48  0.9489 8090
  27   49  0.9505 9148
  27   50  0.9804 4484
  27   51  0.9750 11959
  27   52  0.9273 4453
  27   53  0.9671 11902
  27   54  0.9623 7455
  27   55  0.9679 9846
  27   56  0.9743 7535
  27   57  0.9702 7666
  27   58  0.9490 5829
  27   59  0.9724 9398
  27   60  0.9731 9721
  27   61  0.6835 9703
  27   62  0.8940 8605
  27   63  0.9734 9413
  27   64  0.9774 11478
  27   65  0.9752 8254
  27   66  0.9765 10734
  27   67  0.9286 10645
  27   68  0.9014 6520
  27   69  0.7016 8013
  27   70  0.9847 7284
  27   71  0.9795 11004
  27   72  0.9744 8179
  27   73  0.9753 11022
  27   74  0.9758 8145
  27   75  0.9656 6463
  27   76  0.9182 9307
  27   77  0.9628 6616
  27   78  0.9664 9316
  27   79  0.9710 7669
  27   80  0.9569 11012
  27   81  0.8493 11103
  27   82  0.9646 7686
  28   29  0.9754 6112
  28   30  0.9759 22812
  28   31  0.8662 11513
  28   32  0.9780 19094
  28   33  0.9797 19078
  28   34  0.9824 11419
  28   35  0.9608 16021
  28   36  0.9607 13339
  28   37  0.9610 15916
  28   38  0.9731 13361
  28   39  0.9725 18184
  28   40  0.9666 16489
  28   41  0.9781 18270
  28   42  0.9773 16460
  28   43  0.9242 16418
  28   44  0.9720 11499
  28   45  0.9298 11527
  28   46  0.9758 16422
  28   47  0.9663 17971
  28   48  0.9366 17878
  28   49  0.9443 18139
  28   50  0.9700 15047
  28   51  0.9482 15949
  28   52  0.9295 15090
  28   53  0.9369 15746
  28   54  0.9169 11358
  28   55  0.9418 14661
  28   56  0.9355 11302
  28   57  0.9667 15920
  28   58  0.9509 6522
  28   59  0.9527 12840
  28   60  0.9545 12587
  28   61  0.6990 12528
  28   62  0.8767 13419
  28   63  0.9314 15307
  28   64  0.9611 18232
  28   65  0.9473 13090
  28   66  0.9565 18063
  28   67  0.9147 17923
  28   68  0.8764 15944
  28   69  0.6388 17385
  28   70  0.9718 17084
  28   71  0.9530 17902
  28   72  0.9532 16941
  28   73  0.9510 17984
  28   74  0.9620 17137
  28   75  0.9616 16014
  28   76  0.8749 14331
  28   77  0.9189 16277
  28   78  0.9281 14289
  28   79  0.9536 11286
  28   80  0.9357 18145
  28   81  0.8458 18217
  28   82  0.9495 11193
  29   30  0.9946 6083
  29   31  0.8893 2159
  29   32  0.9898 4691
  29   33  0.9605 4686
  29   34  0.9860 2127
  29   35  0.9827 5782
  29   36  0.9694 9621
  29   37  0.9866 5719
  29   38  0.9843 9614
  29   39  0.9898 10967
  29   40  0.9882 6417
  29   41  0.9923 10940
  29   42  0.9864 6394
  29   43  0.9514 9849
  29   44  0.9902 8424
  29   45  0.9377 8405
  29   46  0.9931 9808
  29   47  0.9829 9141
  29   48  0.9502 8151
  29   49  0.9439 9224
  29   50  0.9765 4520
  29   51  0.9710 12026
  29   52  0.9158 4499
  29   53  0.9694 11961
  29   54  0.9587 7492
  29   55  0.9671 9889
  29   56  0.9719 7574
  29   57  0.9701 7725
  29   58  0.9568 5854
  29   59  0.9712 9449
  29   60  0.9736 9766
  29   61  0.6986 9749
  29   62  0.9009 8650
  29   63  0.9716 9457
  29   64  0.9805 11543
  29   65  0.9780 8290
  29   66  0.9740 10801
  29   67  0.9309 10706
  29   68  0.8929 6577
  29   69  0.6891 8061
  29   70  0.9799 7332
  29   71  0.9795 11072
  29   72  0.9690 8226
  29   73  0.9703 11091
  29   74  0.9693 8207
  29   75  0.9558 6511
  29   76  0.9200 9354
  29   77  0.9550 6656
  29   78  0.9694 9362
  29   79  0.9762 7707
  29   80  0.9492 11074
  29   81  0.8522 11164
  29   82  0.9727 7724
  30   31  0.8644 11385
  30   32  0.9976 19001
  30   33  0.9704 18982
  30   34  0.9969 11323
  30   35  0.9881 15871
  30   36  0.9817 13241
  30   37  0.9875 15764
  30   38  0.9928 13265
  30   39  0.9927 18041
  30   40  0.9912 16361
  30   41  0.9944 18139
  30   42  0.9925 16331
  30   43  0.9489 16319
  30   44  0.9946 11438
  30   45  0.9637 11463
  30   46  0.9940 16326
  30   47  0.9849 17839
  30   48  0.9515 17737
  30   49  0.9545 17996
  30   50  0.9822 14889
  30   51  0.9717 15853
  30   52  0.9349 14926
  30   53  0.9592 15652
  30   54  0.9422 11272
  30   55  0.9557 14538
  30   56  0.9628 11221
  30   57  0.9776 15816
  30   58  0.9687 6486
  30   59  0.9673 12743
  30   60  0.9676 12508
  30   61  0.7085 12449
  30   62  0.8744 13322
  30   63  0.9496 15192
  30   64  0.9762 18076
  30   65  0.9674 12990
  30   66  0.9756 17896
  30   67  0.9407 17757
  30   68  0.8796 15846
  30   69  0.6221 17278
  30   70  0.9876 16964
  30   71  0.9770 17742
  30   72  0.9794 16792
  30   73  0.9734 17829
  30   74  0.9811 16983
  30   75  0.9778 15899
  30   76  0.8980 14239
  30   77  0.9471 16157
  30   78  0.9547 14193
  30   79  0.9710 11218
  30   80  0.9652 18004
  30   81  0.8694 18071
  30   82  0.9674 11119
  31   32  0.8733 11059
  31   33  0.8458 11034
  31   34  0.8961 14041
  31   35  0.8524 10927
  31   36  0.8518 6180
  31   37  0.8615 10948
  31   38  0.8574 6191
  31   39  0.8634 10211
  31   40  0.8651 12361
  31   41  0.8635 10282
  31   42  0.8578 12361
  31   43  0.8204 9270
  31   44  0.8682 5262
  31   45  0.8199 5294
  31   46  0.8612 9343
  31   47  0.8571 10587
  31   48  0.8462 12401
  31   49  0.8014 10656
  31   50  0.8453 11922
  31   51  0.8264 8169
  31   52  0.7706 11963
  31   53  0.8236 8005
  31   54  0.8188 5381
  31   55  0.8440 7232
  31   56  0.8371 5319
  31   57  0.8606 10219
  31   58  0.8553 2429
  31   59  0.8460 5879
  31   60  0.8272 5438
  31   61  0.6350 5390
  31   62  0.8002 6901
  31   63  0.8325 8188
  31   64  0.8549 10913
  31   65  0.8534 6899
  31   66  0.8528 11462
  31   67  0.8271 11432
  31   68  0.7303 9439
  31   69  0.4897 10624
  31   70  0.8569 10263
  31   71  0.8581 10939
  31   72  0.8434 10827
  31   73  0.8440 10956
  31   74  0.8448 10923
  31   75  0.8309 9621
  31   76  0.7909 7299
  31   77  0.8166 9773
  31   78  0.8511 7273
  31   79  0.8504 5555
  31   80  0.8273 10542
  31   81  0.7744 10596
  31   82  0.8471 5431
  32   33  0.9692 20702
  32   34  0.9959 10969
  32   35  0.9895 14771
  32   36  0.9802 11865
  32   37  0.9884 14664
  32   38  0.9941 11884
  32   39  0.9928 16098
  32   40  0.9918 14747
  32   41  0.9943 16197
  32   42  0.9898 14710
  32   43  0.9462 14673
  32   44  0.9962 10545
  32   45  0.9610 10567
  32   46  0.9930 14684
  32   47  0.9840 15843
  32   48  0.9501 16231
  32   49  0.9412 15978
  32   50  0.9813 13963
  32   51  0.9671 13954
  32   52  0.9193 14009
  32   53  0.9556 13781
  32   54  0.9360 10362
  32   55  0.9506 13134
  32   56  0.9532 10295
  32   57  0.9746 14354
  32   58  0.9624 6027
  32   59  0.9650 11261
  32   60  0.9633 10919
  32   61  0.7289 10863
  32   62  0.8777 12223
  32   63  0.9419 13873
  32   64  0.9729 16196
  32   65  0.9620 12079
  32   66  0.9735 15869
  32   67  0.9397 15757
  32   68  0.8785 14544
  32   69  0.6310 15394
  32   70  0.9837 15479
  32   71  0.9752 15702
  32   72  0.9757 14983
  32   73  0.9692 15767
  32   74  0.9719 15209
  32   75  0.9685 14638
  32   76  0.8940 12977
  32   77  0.9436 14824
  32   78  0.9508 12936
  32   79  0.9669 10412
  32   80  0.9619 16148
  32   81  0.8725 16215
  32   82  0.9623 10309
  33   34  0.9756 10943
  33   35  0.9542 14725
  33   36  0.9577 11853
  33   37  0.9523 14613
  33   38  0.9729 11882
  33   39  0.9673 16079
  33   40  0.9631 14706
  33   41  0.9727 16189
  33   42  0.9689 14674
  33   43  0.9156 14656
  33   44  0.9689 10543
  33   45  0.9354 10574
  33   46  0.9676 14670
  33   47  0.9597 15849
  33   48  0.9303 16211
  33   49  0.9215 15972
  33   50  0.9655 13948
  33   51  0.9362 13983
  33   52  0.9075 13977
  33   53  0.9213 13810
  33   54  0.9082 10363
  33   55  0.9247 13136
  33   56  0.9235 10298
  33   57  0.9587 14318
  33   58  0.9473 6040
  33   59  0.9461 11259
  33   60  0.9443 10923
  33   61  0.7033 10868
  33   62  0.8725 12220
  33   63  0.9171 13884
  33   64  0.9523 16214
  33   65  0.9392 12108
  33   66  0.9458 15872
  33   67  0.9140 15756
  33   68  0.8511 14550
  33   69  0.6203 15399
  33   70  0.9612 15488
  33   71  0.9440 15702
  33   72  0.9447 14982
  33   73  0.9383 15768
  33   74  0.9483 15190
  33   75  0.9474 14643
  33   76  0.8690 12980
  33   77  0.9126 14834
  33   78  0.9195 12936
  33   79  0.9424 10415
  33   80  0.9250 16151
  33   81  0.8449 16219
  33   82  0.9415 10314
  34   35  0.9904 10836
  34   36  0.9750 6128
  34   37  0.9887 10857
  34   38  0.9911 6137
  34   39  0.9909 10135
  34   40  0.9911 12259
  34   41  0.9921 10206
  34   42  0.9890 12242
  34   43  0.9458 9221
  34   44  0.9960 5242
  34   45  0.9549 5271
  34   46  0.9932 9297
  34   47  0.9839 10517
  34   48  0.9543 12302
  34   49  0.9487 10582
  34   50  0.9782 11819
  34   51  0.9673 8100
  34   52  0.9269 11856
  34   53  0.9555 7933
  34   54  0.9356 5346
  34   55  0.9551 7184
  34   56  0.9527 5286
  34   57  0.9789 10141
  34   58  0.9631 2417
  34   59  0.9602 5842
  34   60  0.9604 5398
  34   61  0.7332 5351
  34   62  0.8661 6860
  34   63  0.9447 8133
  34   64  0.9726 10821
  34   65  0.9678 6859
  34   66  0.9742 11378
  34   67  0.9417 11349
  34   68  0.8706 9339
  34   69  0.6239 10506
  34   70  0.9852 10171
  34   71  0.9747 10849
  34   72  0.9754 10738
  34   73  0.9720 10865
  34   74  0.9758 10828
  34   75  0.9719 9524
  34   76  0.8935 7250
  34   77  0.9454 9677
  34   78  0.9574 7222
  34   79  0.9664 5533
  34   80  0.9625 10450
  34   81  0.8850 10505
  34   82  0.9617 5411
  35   36  0.9760 8691
  35   37  0.9971 19619
  35   38  0.9834 8709
  35   39  0.9880 15093
  35   40  0.9886 17005
  35   41  0.9865 15217
  35   42  0.9835 17020
  35   43  0.9475 13130
  35   44  0.9837 5952
  35   45  0.9499 5948
  35   46  0.9863 13201
  35   47  0.9780 15933
  35   48  0.9415 16649
  35   49  0.9456 15996
  35   50  0.9742 16943
  35   51  0.9605 12492
  35   52  0.9275 16952
  35   53  0.9473 12338
  35   54  0.9314 6625
  35   55  0.9478 9577
  35   56  0.9502 6595
  35   57  0.9671 16022
  35   58  0.9476 2633
  35   59  0.9628 8509
  35   60  0.9635 8893
  35   61  0.6782 8608
  35   62  0.8344 8055
  35   63  0.9475 10133
  35   64  0.9670 14999
  35   65  0.9578 7240
  35   66  0.9675 16574
  35   67  0.9395 16506
  35   68  0.8700 16084
  35   69  0.6028 16743
  35   70  0.9780 16797
  35   71  0.9693 15931
  35   72  0.9716 17080
  35   73  0.9681 15959
  35   74  0.9689 17202
  35   75  0.9627 16522
  35   76  0.9012 9223
  35   77  0.9477 16714
  35   78  0.9514 9214
  35   79  0.9579 5648
  35   80  0.9598 14094
  35   81  0.8770 14150
  35   82  0.9546 5591
  36   37  0.9742 8569
  36   38  0.9850 21537
  36   39  0.9817 15502
  36   40  0.9764 9126
  36   41  0.9833 15485
  36   42  0.9745 9090
  36   43  0.9208 16435
  36   44  0.9861 16330
  36   45  0.9546 16373
  36   46  0.9857 16354
  36   47  0.9665 12885
  36   48  0.9350 12332
  36   49  0.9293 13095
  36   50  0.9606 7241
  36   51  0.9448 17188
  36   52  0.9212 7297
  36   53  0.9520 16990
  36   54  0.9209 17125
  36   55  0.9333 18698
  36   56  0.9465 17137
  36   57  0.9554 11069
  36   58  0.9578 10732
  36   59  0.9401 17218
  36   60  0.9653 16406
  36   61  0.7906 16577
  36   62  0.8788 18171
  36   63  0.9322 19920
  36   64  0.9690 17437
  36   65  0.9497 17521
  36   66  0.9655 14033
  36   67  0.9250 13881
  36   68  0.8803 8176
  36   69  0.7020 10674
  36   70  0.9670 9640
  36   71  0.9642 14704
  36   72  0.9692 10667
  36   73  0.9648 14808
  36   74  0.9730 10813
  36   75  0.9637 8231
  36   76  0.8523 20032
  36   77  0.9166 8580
  36   78  0.9676 20030
  36   79  0.9627 15572
  36   80  0.9551 18448
  36   81  0.8683 18523
  36   82  0.9592 15489
  37   38  0.9786 8607
  37   39  0.9848 15038
  37   40  0.9873 16971
  37   41  0.9875 15077
  37   42  0.9798 17002
  37   43  0.9443 13015
  37   44  0.9838 5863
  37   45  0.9473 5853
  37   46  0.9831 13085
  37   47  0.9786 15833
  37   48  0.9405 16551
  37   49  0.9370 15903
  37   50  0.9721 16941
  37   51  0.9579 12381
  37   52  0.9230 16939
  37   53  0.9470 12236
  37   54  0.9310 6528
  37   55  0.9498 9465
  37   56  0.9509 6499
  37   57  0.9655 15933
  37   58  0.9445 2581
  37   59  0.9581 8392
  37   60  0.9616 8778
  37   61  0.6808 8504
  37   62  0.8317 7955
  37   63  0.9476 10021
  37   64  0.9668 14919
  37   65  0.9563 7143
  37   66  0.9649 16505
  37   67  0.9402 16429
  37   68  0.8652 15981
  37   69  0.6222 16636
  37   70  0.9767 16689
  37   71  0.9663 15863
  37   72  0.9684 16985
  37   73  0.9648 15895
  37   74  0.9656 17093
  37   75  0.9593 16407
  37   76  0.9019 9102
  37   77  0.9450 16606
  37   78  0.9512 9091
  37   79  0.9569 5575
  37   80  0.9573 13985
  37   81  0.8801 14032
  37   82  0.9519 5511
  38   39  0.9913 15487
  38   40  0.9883 9139
  38   41  0.9907 15555
  38   42  0.9851 9101
  38   43  0.9466 16438
  38   44  0.9932 16306
  38   45  0.9639 16354
  38   46  0.9918 16367
  38   47  0.9763 12909
  38   48  0.9429 12356
  38   49  0.9407 13105
  38   50  0.9739 7240
  38   51  0.9587 17201
  38   52  0.9210 7303
  38   53  0.9608 16970
  38   54  0.9409 17180
  38   55  0.9479 18690
  38   56  0.9533 17204
  38   57  0.9655 11087
  38   58  0.9591 10737
  38   59  0.9597 17225
  38   60  0.9674 16405
  38   61  0.7556 16578
  38   62  0.8903 18178
  38   63  0.9459 19953
  38   64  0.9745 17454
  38   65  0.9656 17533
  38   66  0.9700 14047
  38   67  0.9315 13890
  38   68  0.8903 8209
  38   69  0.7079 10702
  38   70  0.9762 9666
  38   71  0.9726 14721
  38   72  0.9698 10699
  38   73  0.9657 14826
  38   74  0.9742 10841
  38   75  0.9728 8264
  38   76  0.8904 20025
  38   77  0.9176 8607
  38   78  0.9593 20030
  38   79  0.9701 15577
  38   80  0.9546 18469
  38   81  0.8777 18546
  38   82  0.9666 15498
  39   40  0.9893 16471
  39   41  0.9949 25442
  39   42  0.9879 16445
  39   43  0.9434 19223
  39   44  0.9913 13658
  39   45  0.9583 13654
  39   46  0.9898 19200
  39   47  0.9796 19940
  39   48  0.9510 18910
  39   49  0.9524 20119
  39   50  0.9776 13981
  39   51  0.9648 19966
  39   52  0.9343 14016
  39   53  0.9559 19801
  39   54  0.9351 12895
  39   55  0.9611 16859
  39   56  0.9589 12923
  39   57  0.9718 17182
  39   58  0.9567 8434
  39   59  0.9687 15357
  39   60  0.9670 15626
  39   61  0.6683 15524
  39   62  0.8922 14740
  39   63  0.9550 16638
  39   64  0.9776 22132
  39   65  0.9697 14347
  39   66  0.9743 22470
  39   67  0.9355 22292
  39   68  0.8870 15646
  39   69  0.6674 18169
  39   70  0.9823 17269
  39   71  0.9769 23129
  39   72  0.9724 18140
  39   73  0.9691 23199
  39   74  0.9773 18295
  39   75  0.9764 15626
  39   76  0.9053 15810
  39   77  0.9383 15976
  39   78  0.9522 15799
  39   79  0.9659 12772
  39   80  0.9495 21427
  39   81  0.8587 21537
  39   82  0.9646 12743
  40   41  0.9887 16536
  40   42  0.9789 20652
  40   43  0.9578 13101
  40   44  0.9906 6711
  40   45  0.9574 6701
  40   46  0.9886 13220
  40   47  0.9770 16813
  40   48  0.9494 18363
  40   49  0.9388 16887
  40   50  0.9739 16293
  40   51  0.9663 13333
  40   52  0.9231 16316
  40   53  0.9548 13168
  40   54  0.9305 6589
  40   55  0.9500 10741
  40   56  0.9478 6552
  40   57  0.9736 16373
  40   58  0.9452 2742
  40   59  0.9511 9264
  40   60  0.9577 9254
  40   61  0.6306 9138
  40   62  0.8173 8895
  40   63  0.9410 11212
  40   64  0.9684 16427
  40   65  0.9545 8073
  40   66  0.9676 17761
  40   67  0.9446 17670
  40   68  0.8704 16369
  40   69  0.6226 17487
  40   70  0.9777 17404
  40   71  0.9699 17143
  40   72  0.9684 17372
  40   73  0.9709 17159
  40   74  0.9662 17499
  40   75  0.9593 16547
  40   76  0.8915 9978
  40   77  0.9446 16775
  40   78  0.9596 9969
  40   79  0.9568 6297
  40   80  0.9619 15650
  40   81  0.8936 15724
  40   82  0.9458 6212
  41   42  0.9894 16521
  41   43  0.9424 19298
  41   44  0.9923 13680
  41   45  0.9593 13695
  41   46  0.9910 19277
  41   47  0.9793 20023
  41   48  0.9509 19010
  41   49  0.9515 20209
  41   50  0.9779 14079
  41   51  0.9604 19977
  41   52  0.9320 14106
  41   53  0.9571 19806
  41   54  0.9348 12921
  41   55  0.9575 16883
  41   56  0.9595 12948
  41   57  0.9748 17272
  41   58  0.9627 8425
  41   59  0.9680 15367
  41   60  0.9641 15647
  41   61  0.6734 15536
  41   62  0.9012 14771
  41   63  0.9526 16696
  41   64  0.9790 22163
  41   65  0.9701 14376
  41   66  0.9707 22534
  41   67  0.9379 22346
  41   68  0.8856 15741
  41   69  0.6735 18274
  41   70  0.9838 17378
  41   71  0.9741 23164
  41   72  0.9693 18226
  41   73  0.9640 23235
  41   74  0.9764 18364
  41   75  0.9724 15725
  41   76  0.9057 15848
  41   77  0.9347 16079
  41   78  0.9537 15838
  41   79  0.9642 12797
  41   80  0.9411 21484
  41   81  0.8612 21593
  41   82  0.9646 12767
  42   43  0.9513 13096
  42   44  0.9914 6704
  42   45  0.9320 6716
  42   46  0.9938 13169
  42   47  0.9786 16781
  42   48  0.9487 18322
  42   49  0.9631 16857
  42   50  0.9756 16339
  42   51  0.9750 13312
  42   52  0.9419 16367
  42   53  0.9590 13146
  42   54  0.9304 6577
  42   55  0.9619 10732
  42   56  0.9617 6536
  42   57  0.9772 16318
  42   58  0.9611 2752
  42   59  0.9666 9249
  42   60  0.9663 9219
  42   61  0.6081 9104
  42   62  0.8260 8866
  42   63  0.9630 11168
  42   64  0.9715 16388
  42   65  0.9657 8071
  42   66  0.9730 17760
  42   67  0.9377 17655
  42   68  0.8869 16362
  42   69  0.6511 17469
  42   70  0.9833 17393
  42   71  0.9737 17132
  42   72  0.9747 17356
  42   73  0.9752 17147
  42   74  0.9807 17493
  42   75  0.9801 16544
  42   76  0.9126 9940
  42   77  0.9476 16759
  42   78  0.9570 9931
  42   79  0.9631 6282
  42   80  0.9640 15626
  42   81  0.8875 15689
  42   82  0.9623 6197
  43   44  0.9445 13403
  43   45  0.9055 13388
  43   46  0.9370 23202
  43   47  0.9411 17144
  43   48  0.9081 16844
  43   49  0.9025 17285
  43   50  0.9368 11686
  43   51  0.9266 18318
  43   52  0.8754 11699
  43   53  0.9216 18134
  43   54  0.8976 13402
  43   55  0.9234 17348
  43   56  0.8937 13406
  43   57  0.9254 15315
  43   58  0.8912 8296
  43   59  0.9352 16181
  43   60  0.9215 16558
  43   61  0.6121 16282
  43   62  0.8086 15500
  43   63  0.9094 17534
  43   64  0.9153 20138
  43   65  0.9140 15019
  43   66  0.9217 18414
  43   67  0.9112 18313
  43   68  0.8653 13064
  43   69  0.6398 15609
  43   70  0.9439 14658
  43   71  0.9260 18697
  43   72  0.9290 15454
  43   73  0.9183 18786
  43   74  0.9359 15587
  43   75  0.9300 13132
  43   76  0.8925 16859
  43   77  0.8851 13453
  43   78  0.8953 16848
  43   79  0.9183 13185
  43   80  0.9072 20726
  43   81  0.8899 20791
  43   82  0.9069 13105
  44   45  0.9669 19191
  44   46  0.9981 13282
  44   47  0.9763 10298
  44   48  0.9417 10334
  44   49  0.9438 10500
  44   50  0.9628 5473
  44   51  0.9604 15542
  44   52  0.9118 5551
  44   53  0.9634 15358
  44   54  0.9439 15082
  44   55  0.9447 17633
  44   56  0.9575 15065
  44   57  0.9716 8611
  44   58  0.9605 11959
  44   59  0.9619 15313
  44   60  0.9676 14296
  44   61  0.8072 14709
  44   62  0.9127 17329
  44   63  0.9477 17447
  44   64  0.9787 14760
  44   65  0.9653 18369
  44   66  0.9687 12073
  44   67  0.9211 11882
  44   68  0.9114 5697
  44   69  0.7622 8099
  44   70  0.9794 7012
  44   71  0.9724 12733
  44   72  0.9715 8033
  44   73  0.9715 12837
  44   74  0.9793 8169
  44   75  0.9751 5749
  44   76  0.9052 17446
  44   77  0.9198 6019
  44   78  0.9633 17389
  44   79  0.9694 17684
  44   80  0.9604 15491
  44   81  0.8479 15577
  44   82  0.9697 17645
  45   46  0.9622 13285
  45   47  0.9424 10301
  45   48  0.8637 10358
  45   49  0.9010 10504
  45   50  0.9330 5490
  45   51  0.9188 15567
  45   52  0.8427 5570
  45   53  0.9325 15380
  45   54  0.8959 15138
  45   55  0.8896 17671
  45   56  0.9013 15117
  45   57  0.8813 8614
  45   58  0.9402 11975
  45   59  0.9138 15328
  45   60  0.9196 14294
  45   61  0.7885 14705
  45   62  0.8659 17363
  45   63  0.8820 17495
  45   64  0.9246 14794
  45   65  0.9071 18431
  45   66  0.9099 12089
  45   67  0.8816 11893
  45   68  0.8873 5701
  45   69  0.6897 8094
  45   70  0.9100 7012
  45   71  0.9233 12748
  45   72  0.9271 8033
  45   73  0.9129 12849
  45   74  0.9373 8173
  45   75  0.8925 5748
  45   76  0.8393 17497
  45   77  0.8713 6018
  45   78  0.9242 17438
  45   79  0.9379 17716
  45   80  0.9131 15534
  45   81  0.8494 15621
  45   82  0.9227 17678
  46   47  0.9779 17119
  46   48  0.9497 16951
  46   49  0.9555 17276
  46   50  0.9739 11735
  46   51  0.9738 18271
  46   52  0.9366 11760
  46   53  0.9658 18074
  46   54  0.9373 13307
  46   55  0.9635 17228
  46   56  0.9646 13308
  46   57  0.9726 15428
  46   58  0.9584 8222
  46   59  0.9682 16014
  46   60  0.9740 16376
  46   61  0.7109 16102
  46   62  0.8822 15384
  46   63  0.9608 17408
  46   64  0.9778 20090
  46   65  0.9716 14914
  46   66  0.9755 18415
  46   67  0.9343 18296
  46   68  0.8990 13133
  46   69  0.7140 15635
  46   70  0.9812 14697
  46   71  0.9768 18683
  46   72  0.9749 15481
  46   73  0.9762 18767
  46   74  0.9829 15620
  46   75  0.9816 13205
  46   76  0.9090 16740
  46   77  0.9340 13515
  46   78  0.9624 16742
  46   79  0.9732 13085
  46   80  0.9651 20681
  46   81  0.8590 20751
  46   82  0.9697 13003
  47   48  0.9656 18726
  47   49  0.9483 23779
  47   50  0.9926 14337
  47   51  0.9782 15810
  47   52  0.9410 14325
  47   53  0.9732 15635
  47   54  0.9514 10000
  47   55  0.9758 13976
  47   56  0.9718 10031
  47   57  0.9803 16975
  47   58  0.9713 5637
  47   59  0.9820 13076
  47   60  0.9823 13211
  47   61  0.6689 13013
  47   62  0.8864 12171
  47   63  0.9645 14284
  47   64  0.9840 18615
  47   65  0.9738 11371
  47   66  0.9804 20194
  47   67  0.9562 20125
  47   68  0.8828 16956
  47   69  0.6531 19678
  47   70  0.9915 18627
  47   71  0.9844 19701
  47   72  0.9820 19522
  47   73  0.9772 19736
  47   74  0.9826 19612
  47   75  0.9785 17027
  47   76  0.9044 13349
  47   77  0.9509 17405
  47   78  0.9610 13322
  47   79  0.9807 9623
  47   80  0.9683 17983
  47   81  0.8846 18091
  47   82  0.9816 9598
  48   49  0.9521 18814
  48   50  0.9691 15261
  48   51  0.9593 16421
  48   52  0.9348 15279
  48   53  0.9436 16248
  48   54  0.9235 9352
  48   55  0.9545 13220
  48   56  0.9478 9354
  48   57  0.9746 20291
  48   58  0.9322 5018
  48   59  0.9582 11459
  48   60  0.9549 11420
  48   61  0.6279 11229
  48   62  0.8672 12400
  48   63  0.9496 14334
  48   64  0.9592 19262
  48   65  0.9538 11920
  48   66  0.9622 19972
  48   67  0.9256 19877
  48   68  0.8728 16461
  48   69  0.6928 18565
  48   70  0.9626 17923
  48   71  0.9647 19360
  48   72  0.9576 18579
  48   73  0.9542 19377
  48   74  0.9601 18711
  48   75  0.9614 16580
  48   76  0.9018 13407
  48   77  0.9249 16856
  48   78  0.9415 13371
  48   79  0.9537 9872
  48   80  0.9432 18620
  48   81  0.8502 18728
  48   82  0.9519 9796
  49   50  0.9587 14393
  49   51  0.9763 15964
  49   52  0.9672 14382
  49   53  0.9422 15781
  49   54  0.9362 10160
  49   55  0.9677 14160
  49   56  0.9642 10205
  49   57  0.9715 17046
  49   58  0.9413 5793
  49   59  0.9638 13230
  49   60  0.9727 13345
  49   61  0.6431 13129
  49   62  0.8557 12366
  49   63  0.9709 14458
  49   64  0.9646 18784
  49   65  0.9659 11561
  49   66  0.9680 20348
  49   67  0.9016 20225
  49   68  0.8889 16984
  49   69  0.7152 19675
  49   70  0.9727 18626
  49   71  0.9638 19832
  49   72  0.9679 19540
  49   73  0.9713 19872
  49   74  0.9695 19683
  49   75  0.9836 17068
  49   76  0.9093 13542
  49   77  0.9454 17417
  49   78  0.9313 13523
  49   79  0.9612 9823
  49   80  0.9590 18179
  49   81  0.8437 18258
  49   82  0.9584 9793
  50   51  0.9809 10883
  50   52  0.9545 18500
  50   53  0.9682 10731
  50   54  0.9420 5770
  50   55  0.9684 8535
  50   56  0.9590 5720
  50   57  0.9836 14298
  50   58  0.9588 2502
  50   59  0.9755 7243
  50   60  0.9766 7384
  50   61  0.7533 7191
  50   62  0.8543 7193
  50   63  0.9486 9030
  50   64  0.9771 13705
  50   65  0.9700 6832
  50   66  0.9796 15485
  50   67  0.9491 15466
  50   68  0.8976 14300
  50   69  0.6390 15243
  50   70  0.9902 15062
  50   71  0.9799 14751
  50   72  0.9810 15708
  50   73  0.9762 14779
  50   74  0.9795 15759
  50   75  0.9758 14735
  50   76  0.9017 8128
  50   77  0.9581 14915
  50   78  0.9629 8096
  50   79  0.9732 5398
  50   80  0.9767 12774
  50   81  0.8935 12870
  50   82  0.9666 5311
  51   52  0.9745 10899
  51   53  0.9704 24554
  51   54  0.9663 13707
  51   55  0.9833 18288
  51   56  0.9909 13757
  51   57  0.9738 15367
  51   58  0.9540 10629
  51   59  0.9797 16483
  51   60  0.9902 16569
  51   61  0.6824 16608
  51   62  0.8657 16252
  51   63  0.9906 18097
  51   64  0.9784 21595
  51   65  0.9826 16017
  51   66  0.9855 18910
  51   67  0.9253 18719
  51   68  0.8887 12739
  51   69  0.6806 14872
  51   70  0.9871 14129
  51   71  0.9778 19513
  51   72  0.9876 14750
  51   73  0.9941 19602
  51   74  0.9888 14839
  51   75  0.9898 12710
  51   76  0.9229 17328
  51   77  0.9579 13015
  51   78  0.9685 17306
  51   79  0.9874 14792
  51   80  0.9870 21422
  51   81  0.8554 21541
  51   82  0.9713 14791
  52   53  0.9316 10753
  52   54  0.9294 5845
  52   55  0.9526 8598
  52   56  0.9573 5790
  52   57  0.9554 14302
  52   58  0.8913 2559
  52   59  0.9444 7281
  52   60  0.9607 7386
  52   61  0.6606 7198
  52   62  0.8119 7263
  52   63  0.9613 9086
  52   64  0.9506 13701
  52   65  0.9497 6884
  52   66  0.9623 15460
  52   67  0.8892 15414
  52   68  0.8591 14264
  52   69  0.6278 15172
  52   70  0.9553 15016
  52   71  0.9482 14735
  52   72  0.9634 15648
  52   73  0.9772 14765
  52   74  0.9687 15746
  52   75  0.9731 14702
  52   76  0.8952 8179
  52   77  0.9460 14866
  52   78  0.9351 8157
  52   79  0.9487 5476
  52   80  0.9725 12802
  52   81  0.8506 12878
  52   82  0.9469 5387
  53   54  0.9483 13527
  53   55  0.9665 18101
  53   56  0.9716 13539
  53   57  0.9556 15245
  53   58  0.9577 10536
  53   59  0.9678 16292
  53   60  0.9756 16407
  53   61  0.6972 16451
  53   62  0.8707 16038
  53   63  0.9687 17866
  53   64  0.9654 21442
  53   65  0.9669 15826
  53   66  0.9649 18752
  53   67  0.9381 18589
  53   68  0.8793 12635
  53   69  0.6761 14753
  53   70  0.9709 14022
  53   71  0.9678 19361
  53   72  0.9599 14614
  53   73  0.9670 19434
  53   74  0.9664 14686
  53   75  0.9661 12586
  53   76  0.9046 17106
  53   77  0.9310 12899
  53   78  0.9664 17080
  53   79  0.9765 14612
  53   80  0.9566 21246
  53   81  0.8660 21387
  53   82  0.9685 14618
  54   55  0.9439 15442
  54   56  0.9490 18147
  54   57  0.9484 8126
  54   58  0.9416 10245
  54   59  0.9598 14310
  54   60  0.9598 13657
  54   61  0.7239 13883
  54   62  0.8726 16075
  54   63  0.9593 16741
  54   64  0.9459 14431
  54   65  0.9657 16327
  54   66  0.9442 11278
  54   67  0.8972 11136
  54   68  0.8661 6144
  54   69  0.6887 8121
  54   70  0.9615 7340
  54   71  0.9451 12066
  54   72  0.9524 7947
  54   73  0.9525 12137
  54   74  0.9521 8099
  54   75  0.9579 6224
  54   76  0.9314 16902
  54   77  0.8995 6500
  54   78  0.9335 16903
  54   79  0.9662 14882
  54   80  0.9554 15273
  54   81  0.8258 15332
  54   82  0.9547 14817
  55   56  0.9740 15465
  55   57  0.9701 11180
  55   58  0.9329 10996
  55   59  0.9747 19034
  55   60  0.9800 18037
  55   61  0.7006 18495
  55   62  0.8767 19006
  55   63  0.9744 20451
  55   64  0.9757 18510
  55   65  0.9710 18796
  55   66  0.9774 15764
  55   67  0.9245 15612
  55   68  0.9016 9140
  55   69  0.7526 11952
  55   70  0.9824 10784
  55   71  0.9747 16314
  55   72  0.9800 11935
  55   73  0.9816 16401
  55   74  0.9775 12089
  55   75  0.9798 9286
  55   76  0.9246 19658
  55   77  0.9279 9629
  55   78  0.9494 19609
  55   79  0.9704 16845
  55   80  0.9727 19397
  55   81  0.8471 19526
  55   82  0.9618 16782
  56   57  0.9701 8153
  56   58  0.9500 10184
  56   59  0.9748 14356
  56   60  0.9852 13717
  56   61  0.7687 13943
  56   62  0.8924 16085
  56   63  0.9795 16743
  56   64  0.9744 14408
  56   65  0.9792 16292
  56   66  0.9705 11326
  56   67  0.9207 11177
  56   68  0.8806 6161
  56   69  0.7127 8149
  56   70  0.9786 7359
  56   71  0.9637 12096
  56   72  0.9780 7954
  56   73  0.9826 12163
  56   74  0.9778 8108
  56   75  0.9760 6231
  56   76  0.9263 16900
  56   77  0.9262 6514
  56   78  0.9676 16902
  56   79  0.9808 14828
  56   80  0.9816 15284
  56   81  0.8448 15348
  56   82  0.9719 14774
  57   58  0.9601 4427
  57   59  0.9784 10097
  57   60  0.9783 10296
  57   61  0.6147 10044
  57   62  0.8813 10403
  57   63  0.9682 12295
  57   64  0.9831 17074
  57   65  0.9837 9682
  57   66  0.9810 17806
  57   67  0.9284 17731
  57   68  0.8957 15467
  57   69  0.7043 17109
  57   70  0.9877 16687
  57   71  0.9794 17308
  57   72  0.9757 17177
  57   73  0.9731 17334
  57   74  0.9795 17280
  57   75  0.9848 15650
  57   76  0.9275 11489
  57   77  0.9479 15897
  57   78  0.9633 11457
  57   79  0.9678 8139
  57   80  0.9533 16407
  57   81  0.8635 16497
  57   82  0.9749 8099
  58   59  0.9596 9094
  58   60  0.9704 8159
  58   61  0.8899 8527
  58   62  0.9033 10940
  58   63  0.9450 10594
  58   64  0.9571 9348
  58   65  0.9537 11903
  58   66  0.9379 6765
  58   67  0.9011 6637
  58   68  0.8868 2761
  58   69  0.8002 3989
  58   70  0.9685 3404
  58   71  0.9382 7487
  58   72  0.9588 3751
  58   73  0.9457 7556
  58   74  0.9696 3845
  58   75  0.9595 2736
  58   76  0.9024 10573
  58   77  0.8912 2854
  58   78  0.9593 10528
  58   79  0.9652 11999
  58   80  0.9510 9717
  58   81  0.8166 9788
  58   82  0.9601 12020
  59   60  0.9793 18206
  59   61  0.6624 18606
  59   62  0.8909 16765
  59   63  0.9720 18184
  59   64  0.9783 16354
  59   65  0.9782 16299
  59   66  0.9795 14039
  59   67  0.9378 13909
  59   68  0.8928 8529
  59   69  0.7323 10978
  59   70  0.9871 9962
  59   71  0.9792 14555
  59   72  0.9774 10864
  59   73  0.9762 14625
  59   74  0.9782 10975
  59   75  0.9812 8528
  59   76  0.9339 17581
  59   77  0.9240 8850
  59   78  0.9540 17541
  59   79  0.9757 14750
  59   80  0.9651 17211
  59   81  0.8777 17322
  59   82  0.9701 14718
  60   61  0.7523 19636
  60   62  0.8913 15810
  60   63  0.9831 17368
  60   64  0.9864 16529
  60   65  0.9814 15296
  60   66  0.9864 14348
  60   67  0.9321 14222
  60   68  0.9026 8927
  60   69  0.7292 11352
  60   70  0.9908 10327
  60   71  0.9810 14863
  60   72  0.9883 11237
  60   73  0.9910 14938
  60   74  0.9855 11315
  60   75  0.9884 8950
  60   76  0.9104 16876
  60   77  0.9434 9264
  60   78  0.9738 16840
  60   79  0.9861 13700
  60   80  0.9844 17389
  60   81  0.8579 17478
  60   82  0.9800 13667
  61   62  0.6589 16113
  61   63  0.6951 17583
  61   64  0.7115 16406
  61   65  0.7545 15654
  61   66  0.6613 14207
  61   67  0.6461 14104
  61   68  0.6122 8654
  61   69  0.4939 11137
  61   70  0.6427 10059
  61   71  0.6606 14730
  61   72  0.6339 11002
  61   73  0.6789 14800
  61   74  0.6359 11083
  61   75  0.6428 8669
  61   76  0.5758 17059
  61   77  0.6339 9017
  61   78  0.7932 17018
  61   79  0.8025 14118
  61   80  0.7079 17207
  61   81  0.5915 17313
  61   82  0.8011 14085
  62   63  0.8685 20048
  62   64  0.8809 16452
  62   65  0.9219 18610
  62   66  0.8848 13787
  62   67  0.8302 13626
  62   68  0.7604 7714
  62   69  0.6478 10369
  62   70  0.8663 9233
  62   71  0.8801 14220
  62   72  0.8175 10263
  62   73  0.8697 14308
  62   74  0.8489 10405
  62   75  0.8659 7802
  62   76  0.8160 19472
  62   77  0.8065 8112
  62   78  0.8783 19395
  62   79  0.9163 16900
  62   80  0.8377 17527
  62   81  0.7825 17567
  62   82  0.9236 16849
  63   64  0.9751 18741
  63   65  0.9801 18758
  63   66  0.9750 15666
  63   67  0.9184 15518
  63   68  0.8829 9729
  63   69  0.7295 12586
  63   70  0.9807 11391
  63   71  0.9677 16208
  63   72  0.9788 12402
  63   73  0.9832 16291
  63   74  0.9753 12550
  63   75  0.9811 9812
  63   76  0.9365 21113
  63   77  0.9323 10174
  63   78  0.9462 21058
  63   79  0.9696 16743
  63   80  0.9739 19958
  63   81  0.8342 20014
  63   82  0.9610 16657
  64   65  0.9783 15934
  64   66  0.9859 21899
  64   67  0.9314 21758
  64   68  0.8898 15042
  64   69  0.7299 17333
  64   70  0.9862 16658
  64   71  0.9831 22594
  64   72  0.9779 17442
  64   73  0.9807 22650
  64   74  0.9828 17547
  64   75  0.9829 14977
  64   76  0.9195 17829
  64   77  0.9494 15320
  64   78  0.9744 17807
  64   79  0.9762 14059
  64   80  0.9665 23645
  64   81  0.8488 23799
  64   82  0.9737 14010
  65   66  0.9781 13391
  65   67  0.9129 13252
  65   68  0.8929 6883
  65   69  0.7324 9418
  65   70  0.9871 8356
  65   71  0.9734 13757
  65   72  0.9808 9403
  65   73  0.9781 13844
  65   74  0.9784 9531
  65   75  0.9815 6975
  65   76  0.9570 18772
  65   77  0.9279 7264
  65   78  0.9562 18729
  65   79  0.9779 17890
  65   80  0.9689 16908
  65   81  0.8356 17002
  65   82  0.9781 17826
  66   67  0.9042 25383
  66   68  0.9007 16060
  66   69  0.6608 19161
  66   70  0.9865 17964
  66   71  0.9860 23736
  66   72  0.9841 19272
  66   73  0.9874 23759
  66   74  0.9862 19345
  66   75  0.9877 16350
  66   76  0.9208 14796
  66   77  0.9544 16691
  66   78  0.9725 14762
  66   79  0.9733 11366
  66   80  0.9731 20836
  66   81  0.8661 20945
  66   82  0.9700 11329
  67   68  0.8232 15964
  67   69  0.6272 19088
  67   70  0.9489 17855
  67   71  0.9338 23568
  67   72  0.9307 19163
  67   73  0.9188 23598
  67   74  0.9342 19228
  67   75  0.9248 16239
  67   76  0.8713 14647
  67   77  0.9065 16593
  67   78  0.9255 14616
  67   79  0.9146 11195
  67   80  0.9166 20664
  67   81  0.8677 20817
  67   82  0.9217 11154
  68   69  0.7560 17845
  68   70  0.9033 19018
  68   71  0.8953 15640
  68   72  0.8778 17126
  68   73  0.8929 15667
  68   74  0.8882 17241
  68   75  0.9023 17976
  68   76  0.8334 8805
  68   77  0.8224 18183
  68   78  0.8880 8814
  68   79  0.9171 5415
  68   80  0.8875 14047
  68   81  0.7922 14120
  68   82  0.8928 5378
  69   70  0.6853 19644
  69   71  0.6807 18518
  69   72  0.6477 19702
  69   73  0.6633 18545
  69   74  0.6444 19795
  69   75  0.6961 18055
  69   76  0.6822 11500
  69   77  0.6249 18442
  69   78  0.7216 11487
  69   79  0.7335 7627
  69   80  0.6887 16697
  69   81  0.5717 16816
  69   82  0.7479 7582
  70   71  0.9850 17363
  70   72  0.9877 18895
  70   73  0.9867 17388
  70   74  0.9880 19051
  70   75  0.9849 18622
  70   76  0.9343 10391
  70   77  0.9544 18986
  70   78  0.9788 10387
  70   79  0.9864 6614
  70   80  0.9797 15672
  70   81  0.8991 15768
  70   82  0.9814 6561
  71   72  0.9827 18623
  71   73  0.9791 25623
  71   74  0.9850 18677
  71   75  0.9843 15695
  71   76  0.9283 15218
  71   77  0.9521 16011
  71   78  0.9656 15183
  71   79  0.9721 12038
  71   80  0.9662 21197
  71   81  0.8613 21360
  71   82  0.9742 11990
  72   73  0.9887 18647
  72   74  0.9864 22027
  72   75  0.9843 17414
  72   76  0.9286 11494
  72   77  0.9703 17819
  72   78  0.9782 11478
  72   79  0.9839 7444
  72   80  0.9881 16202
  72   81  0.8647 16320
  72   82  0.9717 7386
  73   74  0.9920 18715
  73   75  0.9917 15727
  73   76  0.9131 15308
  73   77  0.9643 16023
  73   78  0.9834 15289
  73   79  0.9844 12127
  73   80  0.9880 21275
  73   81  0.8692 21410
  73   82  0.9772 12079
  74   75  0.9906 17576
  74   76  0.9193 11646
  74   77  0.9618 17962
  74   78  0.9773 11645
  74   79  0.9833 7570
  74   80  0.9834 16380
  74   81  0.8853 16464
  74   82  0.9784 7519
  75   76  0.9317 8854
  75   77  0.9505 19190
  75   78  0.9746 8851
  75   79  0.9800 5449
  75   80  0.9849 14097
  75   81  0.8900 14184
  75   82  0.9790 5404
  76   77  0.8785 9211
  76   78  0.8443 22351
  76   79  0.9299 16474
  76   80  0.9043 19030
  76   81  0.8029 19110
  76   82  0.9262 16387
  77   78  0.9396 9199
  77   79  0.9278 5680
  77   80  0.9591 14440
  77   81  0.8411 14534
  77   82  0.9167 5635
  78   79  0.9706 16408
  78   80  0.9773 19011
  78   81  0.8655 19085
  78   82  0.9715 16305
  79   80  0.9857 14652
  79   81  0.8563 14751
  79   82  0.9789 18386
  80   81  0.8392 26287
  80   82  0.9680 14608
  81   82  0.8570 14719
