[44.         46.          0.06161485  2.        ]
[24.         32.          0.06321392  2.        ]
[3.00000000e+01 8.40000000e+01 7.11359262e-02 3.00000000e+00]
[35.        37.         0.0761025  2.       ]
[ 7.         11.          0.09370507  2.        ]
[34.         85.          0.09854537  4.        ]
[39.        41.         0.1008662  2.       ]
[ 9.         87.          0.10314275  3.        ]
[51.         73.          0.10846746  2.        ]
[15.         17.          0.11556431  2.        ]
[ 2.         90.          0.11740975  4.        ]
[27.         88.          0.12078673  5.        ]
[47.         50.          0.12142998  2.        ]
[ 3.         38.          0.12385762  2.        ]
[ 0.         29.          0.12934234  2.        ]
[83.         96.          0.13502224  4.        ]
[60.         70.          0.13533425  2.        ]
[74.        75.         0.1367905  2.       ]
[23.         97.          0.13823005  3.        ]
[42.         93.          0.14267907  5.        ]
[4.         6.         0.14724534 2.        ]
[ 91.         100.           0.14926621   4.        ]
[  5.         101.           0.15219418   4.        ]
[72.         80.          0.15381284  2.        ]
[40.         94.          0.15842006  6.        ]
[22.         89.          0.16380042  3.        ]
[66.         71.          0.16674531  2.        ]
[13.         25.          0.17140875  2.        ]
[64.         99.          0.17371801  3.        ]
[57.         65.          0.17981744  2.        ]
[ 79.         106.           0.17982789   3.        ]
[ 98.        108.          0.1809435   7.       ]
[107.         110.           0.18447082   8.        ]
[109.        111.          0.1924194   5.       ]
[28.         33.          0.20046922  2.        ]
[56.         63.          0.20144416  2.        ]
[104.         113.           0.21075426   7.        ]
[ 59.         116.           0.21183331   6.        ]
[114.        115.          0.2118525  15.       ]
[102.         105.           0.21339547   9.        ]
[20.         36.          0.21777052  2.        ]
[ 82.         112.           0.22616104   3.        ]
[ 55.         120.           0.23177013   7.        ]
[118.         119.           0.23961149   9.        ]
[103.         122.           0.24311274  11.        ]
[ 95.         125.           0.24734712   9.        ]
[49.         52.          0.25401606  2.        ]
[ 92.         123.           0.25443355   4.        ]
[53.         78.          0.25704288  2.        ]
[ 86.         121.           0.25739868  17.        ]
[124.         128.           0.26825756  12.        ]
[  8.         117.           0.28638226   3.        ]
[ 58.         131.           0.29384656   3.        ]
[  1.         127.           0.30020975  12.        ]
[ 26.        134.          0.3056857   4.       ]
[130.         132.           0.31153579  21.        ]
[ 48.        133.          0.3274462  13.       ]
[126.         129.           0.32957964  11.        ]
[18.        45.         0.3504004  2.       ]
[54.         76.          0.36399731  2.        ]
[135.         139.           0.38038243  16.        ]
[ 77.         140.           0.38166156  12.        ]
[136.         138.           0.40381104  33.        ]
[43.         67.          0.41196427  2.        ]
[137.         145.           0.42457628  37.        ]
[ 16.         141.           0.44057605   3.        ]
[143.         144.           0.44740972  28.        ]
[ 12.         148.           0.45461662   4.        ]
[146.         147.           0.49542929  39.        ]
[142.         149.           0.50787921  30.        ]
[150.         151.           0.51965299  43.        ]
[ 68.         152.           0.59381743  31.        ]
[31.         62.          0.59973324  2.        ]
[ 81.         155.           0.63674087   3.        ]
[10.         14.          0.71039817  2.        ]
[153.         156.           0.75693667  46.        ]
[19.         61.          0.76426696  2.        ]
[ 21.         157.           0.84232916   3.        ]
[ 69.         159.           0.85702088   3.        ]
[160.        161.          0.9590087   6.       ]
[154.        158.          1.0409977  77.       ]
[162.         163.           1.29113807  83.        ]
