   i    j      cc  nref
   0    1  0.9754 2072
   0    2  0.9595 5959
   0    3  0.9830 2028
   0    4  0.9628 3052
   0    5  0.9614 3854
   0    6  0.9874 2975
   0    7  0.9271 5220
   0    8  0.9801 3720
   0    9  0.9738 3684
   0   10  0.9864 5348
   0   11  0.3843 2499
   0   12  0.6023 3211
   0   13  0.3749 4616
   0   14  0.6052 5002
   0   15  0.3962 4727
   0   16  0.4382 3911
   0   17  0.5733 1916
   0   18  0.5407 2081
   0   19  0.6065 4000
   0   20  0.9320 1976
   0   21  0.9207 3699
   0   22  0.9629 1950
   0   23  0.8397 3669
   0   24  0.8748 3040
   0   25  0.9237 3857
   0   26  0.9448 3057
   0   27  0.9243 3827
   0   28  0.8868 4122
   0   29  0.9379 2533
   0   30  0.7932 2489
   0   31  0.9132 4122
   0   32  0.4067 3563
   0   33  0.5563 4214
   0   34  0.5947 3634
   0   35  0.6228 4173
   0   36  0.5080 2069
   0   37  0.5291 3676
   0   38  0.6067 2125
   0   39  0.3633 3703
   0   40  0.5276 2525
   0   41  0.3968 4129
   0   42  0.6094 3951
   0   43  0.7953 5133
   0   44  0.8942 1838
   0   45  0.8848 5211
   0   46  0.6481 1801
   0   47  0.7267 3841
   0   48  0.7019 3740
   0   49  0.8917 3883
   0   50  0.8179 3651
   0   51  0.6967 4800
   0   52  0.8569 3017
   0   53  0.5123 3013
   0   54  0.8529 4839
   0   55  0.6163 3174
   0   56  0.5794 3722
   0   57  0.6183 3252
   0   58  0.5573 3798
   0   59  0.5700 5459
   0   60  0.6026 5387
   0   61  0.5844 5398
   0   62  0.6245 5467
   0   63  0.5628 3980
   0   64  0.5990 2367
   0   65  0.5274 2365
   0   66  0.6342 3983
   1    2  0.9604 2054
   1    3  0.9925 4175
   1    4  0.9651  715
   1    5  0.9762 3516
   1    6  0.9869  685
   1    7  0.8719 1910
   1    8  0.9919 3490
   1    9  0.9804 3514
   1   10  0.9882 1944
   1   11  0.4308 3539
   1   12  0.6207  667
   1   13  0.4532 2066
   1   14  0.5605 1596
   1   15  0.3976 2164
   1   16  0.5760 3349
   1   17  0.7070 3403
   1   18  0.7019 3535
   1   19  0.6841 3352
   1   20  0.9323 2704
   1   21  0.9319 2438
   1   22  0.9721 2683
   1   23  0.8924 2436
   1   24  0.9112 3798
   1   25  0.9623 3696
   1   26  0.9532 3840
   1   27  0.9407 3575
   1   28  0.9394 2425
   1   29  0.9648 1250
   1   30  0.8711 1223
   1   31  0.9344 2426
   1   32  0.5722 2693
   1   33  0.6269 2860
   1   34  0.7099 2718
   1   35  0.6461 2877
   1   36  0.5922 1311
   1   37  0.6549 3690
   1   38  0.6518 1395
   1   39  0.4823 3552
   1   40  0.6000 2751
   1   41  0.4552 3286
   1   42  0.6421 3310
   1   43  0.7630 1792
   1   44  0.9361 3024
   1   45  0.9026 1827
   1   46  0.7559 2952
   1   47  0.7867 3576
   1   48  0.6946 1070
   1   49  0.9135 3638
   1   50  0.7662 1026
   1   51  0.5780 1966
   1   52  0.8910 3614
   1   53  0.6870 3645
   1   54  0.8385 1994
   1   55  0.5454  709
   1   56  0.6995 3852
   1   57  0.5426  728
   1   58  0.6144 3844
   1   59  0.5577 2245
   1   60  0.5454 2216
   1   61  0.5853 2236
   1   62  0.5951 2203
   1   63  0.6082 3352
   1   64  0.7214 3231
   1   65  0.6643 3179
   1   66  0.6972 3403
   2    3  0.9691 2014
   2    4  0.9183 2897
   2    5  0.9560 3793
   2    6  0.9327 2848
   2    7  0.8964 5062
   2    8  0.9726 3675
   2    9  0.9571 3641
   2   10  0.9624 5179
   2   11  0.3774 2509
   2   12  0.6305 3101
   2   13  0.3614 4503
   2   14  0.6470 4908
   2   15  0.4036 4609
   2   16  0.4312 3886
   2   17  0.5740 1901
   2   18  0.5519 2074
   2   19  0.6104 4003
   2   20  0.9224 1900
   2   21  0.9440 3698
   2   22  0.9549 1875
   2   23  0.8778 3666
   2   24  0.8708 2934
   2   25  0.9261 3768
   2   26  0.9504 2950
   2   27  0.9345 3737
   2   28  0.9142 4133
   2   29  0.9552 2538
   2   30  0.8470 2493
   2   31  0.9429 4126
   2   32  0.4225 3571
   2   33  0.5706 4213
   2   34  0.6304 3632
   2   35  0.6497 4174
   2   36  0.5261 2073
   2   37  0.5437 3608
   2   38  0.6361 2130
   2   39  0.3812 3626
   2   40  0.5350 2452
   2   41  0.4067 4037
   2   42  0.6193 3870
   2   43  0.7873 5074
   2   44  0.8977 1810
   2   45  0.8708 5142
   2   46  0.6524 1768
   2   47  0.7380 3776
   2   48  0.6806 3668
   2   49  0.9019 3820
   2   50  0.8022 3565
   2   51  0.6992 4688
   2   52  0.8660 2968
   2   53  0.5129 2958
   2   54  0.8556 4729
   2   55  0.5950 3049
   2   56  0.5938 3703
   2   57  0.5952 3125
   2   58  0.5697 3790
   2   59  0.5870 5362
   2   60  0.5920 5374
   2   61  0.6120 5304
   2   62  0.6274 5450
   2   63  0.5705 4005
   2   64  0.6110 2386
   2   65  0.5368 2387
   2   66  0.6455 4013
   3    4  0.9701  692
   3    5  0.9744 3507
   3    6  0.9925  666
   3    7  0.8772 1850
   3    8  0.9942 3477
   3    9  0.9857 3446
   3   10  0.9925 1887
   3   11  0.4327 3539
   3   12  0.6069  633
   3   13  0.4576 1998
   3   14  0.5622 1546
   3   15  0.3899 2085
   3   16  0.5688 3312
   3   17  0.6971 3411
   3   18  0.6851 3550
   3   19  0.6745 3317
   3   20  0.9378 2744
   3   21  0.9336 2348
   3   22  0.9707 2721
   3   23  0.9022 2344
   3   24  0.9098 3776
   3   25  0.9606 3642
   3   26  0.9589 3814
   3   27  0.9452 3523
   3   28  0.9436 2334
   3   29  0.9644 1206
   3   30  0.8829 1182
   3   31  0.9409 2333
   3   32  0.5640 2605
   3   33  0.6195 2763
   3   34  0.7037 2634
   3   35  0.6427 2784
   3   36  0.5933 1284
   3   37  0.6425 3647
   3   38  0.6543 1365
   3   39  0.4741 3513
   3   40  0.5803 2771
   3   41  0.4379 3256
   3   42  0.6328 3278
   3   43  0.7507 1735
   3   44  0.9243 3067
   3   45  0.8947 1784
   3   46  0.7424 3005
   3   47  0.7701 3530
   3   48  0.6827 1022
   3   49  0.9103 3588
   3   50  0.7588  983
   3   51  0.5559 1893
   3   52  0.8881 3606
   3   53  0.6673 3638
   3   54  0.8305 1919
   3   55  0.5229  687
   3   56  0.6829 3798
   3   57  0.5222  709
   3   58  0.5993 3792
   3   59  0.5354 2206
   3   60  0.5281 2182
   3   61  0.5638 2204
   3   62  0.5753 2175
   3   63  0.5883 3304
   3   64  0.7072 3170
   3   65  0.6528 3120
   3   66  0.6860 3353
   4    5  0.9526 1241
   4    6  0.9808 3672
   4    7  0.9216 2922
   4    8  0.9708 1161
   4    9  0.9667 1134
   4   10  0.9706 3005
   4   11  0.4310  735
   4   12  0.6267 3396
   4   13  0.3181 2244
   4   14  0.6146 3165
   4   15  0.4042 2318
   4   16  0.3730 1410
   4   17  0.6067  674
   4   18  0.5713  730
   4   19  0.5446 1389
   4   20  0.9514 1086
   4   21  0.9192 1883
   4   22  0.9676 1088
   4   23  0.8599 1876
   4   24  0.8865 1779
   4   25  0.9304 2055
   4   26  0.9458 1789
   4   27  0.9263 2025
   4   28  0.9066 2072
   4   29  0.9460 1213
   4   30  0.8273 1202
   4   31  0.8997 2061
   4   32  0.3161 1825
   4   33  0.5022 2063
   4   34  0.5920 1874
   4   35  0.5933 2032
   4   36  0.4095 1001
   4   37  0.5219 2042
   4   38  0.5945 1011
   4   39  0.3587 2081
   4   40  0.5419 1258
   4   41  0.4075 2210
   4   42  0.6351 2141
   4   43  0.7948 3044
   4   44  0.9062  895
   4   45  0.9088 3042
   4   46  0.6795  888
   4   47  0.7263 1574
   4   48  0.7639 3173
   4   49  0.8806 1607
   4   50  0.8235 3159
   4   51  0.6836 2764
   4   52  0.8748 1100
   4   53  0.5550 1151
   4   54  0.8454 2781
   4   55  0.6417 3676
   4   56  0.5441 1253
   4   57  0.6429 3690
   4   58  0.5055 1279
   4   59  0.5534 2824
   4   60  0.6143 2819
   4   61  0.6036 2780
   4   62  0.6313 2911
   4   63  0.5416 1355
   4   64  0.6470  826
   4   65  0.5376  820
   4   66  0.6359 1336
   5    6  0.9735 1189
   5    7  0.8853 3671
   5    8  0.9661 5207
   5    9  0.9761 5142
   5   10  0.9745 3739
   5   11  0.4285 4168
   5   12  0.6250 1419
   5   13  0.3782 3793
   5   14  0.5699 3155
   5   15  0.4072 3906
   5   16  0.5233 4970
   5   17  0.6595 3435
   5   18  0.6491 3651
   5   19  0.6686 5017
   5   20  0.9025 2802
   5   21  0.9292 4043
   5   22  0.9484 2767
   5   23  0.8897 4027
   5   24  0.8849 3913
   5   25  0.9455 4842
   5   26  0.9417 3946
   5   27  0.9290 4768
   5   28  0.9304 4182
   5   29  0.9613 2642
   5   30  0.8407 2583
   5   31  0.9334 4168
   5   32  0.5340 4039
   5   33  0.6157 4422
   5   34  0.6969 4116
   5   35  0.6363 4449
   5   36  0.6407 2354
   5   37  0.6141 4532
   5   38  0.6498 2470
   5   39  0.4429 4481
   5   40  0.5926 3101
   5   41  0.4441 4681
   5   42  0.6279 4589
   5   43  0.7584 3488
   5   44  0.8975 3044
   5   45  0.9082 3567
   5   46  0.7182 2988
   5   47  0.7715 4981
   5   48  0.6851 1895
   5   49  0.8680 5086
   5   50  0.7642 1811
   5   51  0.6169 3779
   5   52  0.8674 4410
   5   53  0.6511 4395
   5   54  0.8392 3801
   5   55  0.5243 1319
   5   56  0.6772 5499
   5   57  0.5310 1365
   5   58  0.5703 5518
   5   59  0.5829 3958
   5   60  0.5713 3814
   5   61  0.6083 3978
   5   62  0.6106 3851
   5   63  0.5583 5091
   5   64  0.6972 3974
   5   65  0.6292 3947
   5   66  0.6806 5111
   6    7  0.9409 2853
   6    8  0.9950 1098
   6    9  0.9763 1071
   6   10  0.9969 2926
   6   11  0.4231  688
   6   12  0.5825 3376
   6   13  0.3084 2174
   6   14  0.5854 3089
   6   15  0.3676 2242
   6   16  0.3375 1348
   6   17  0.5659  625
   6   18  0.5200  675
   6   19  0.5121 1326
   6   20  0.9481 1037
   6   21  0.9257 1857
   6   22  0.9745 1040
   6   23  0.8329 1850
   6   24  0.8709 1717
   6   25  0.9197 1995
   6   26  0.9553 1729
   6   27  0.9252 1961
   6   28  0.8812 2051
   6   29  0.9502 1208
   6   30  0.8166 1197
   6   31  0.9015 2037
   6   32  0.3051 1805
   6   33  0.4881 2034
   6   34  0.5895 1849
   6   35  0.5733 2002
   6   36  0.4053  997
   6   37  0.5149 1978
   6   38  0.5964 1007
   6   39  0.3353 2016
   6   40  0.5309 1203
   6   41  0.3824 2144
   6   42  0.6004 2075
   6   43  0.7967 3000
   6   44  0.9115  850
   6   45  0.9087 2994
   6   46  0.6889  847
   6   47  0.7225 1522
   6   48  0.7518 3123
   6   49  0.8992 1555
   6   50  0.8272 3108
   6   51  0.6873 2712
   6   52  0.8790 1044
   6   53  0.5627 1098
   6   54  0.8544 2726
   6   55  0.6298 3622
   6   56  0.5093 1201
   6   57  0.6344 3627
   6   58  0.4938 1219
   6   59  0.5512 2753
   6   60  0.6009 2750
   6   61  0.5916 2708
   6   62  0.6234 2840
   6   63  0.5560 1316
   6   64  0.6432  801
   6   65  0.5229  799
   6   66  0.6380 1299
   7    8  0.8939 3496
   7    9  0.8745 3464
   7   10  0.9226 5758
   7   11  0.3417 2300
   7   12  0.5871 3078
   7   13  0.3650 4818
   7   14  0.5473 4720
   7   15  0.3653 4932
   7   16  0.3558 3778
   7   17  0.5113 1725
   7   18  0.4799 1884
   7   19  0.5460 3836
   7   20  0.8322 1891
   7   21  0.8508 3370
   7   22  0.8618 1872
   7   23  0.7661 3339
   7   24  0.7660 2970
   7   25  0.8281 3735
   7   26  0.8370 2991
   7   27  0.8254 3704
   7   28  0.8168 3687
   7   29  0.8651 2262
   7   30  0.6919 2223
   7   31  0.8252 3684
   7   32  0.3938 3186
   7   33  0.5241 3700
   7   34  0.5492 3269
   7   35  0.5856 3690
   7   36  0.5295 1861
   7   37  0.4783 3527
   7   38  0.6016 1912
   7   39  0.3221 3563
   7   40  0.4763 2464
   7   41  0.3407 4031
   7   42  0.5627 3858
   7   43  0.7664 4904
   7   44  0.8331 1691
   7   45  0.8256 4921
   7   46  0.5918 1641
   7   47  0.6796 3818
   7   48  0.6751 3426
   7   49  0.8333 3865
   7   50  0.7934 3341
   7   51  0.7029 4978
   7   52  0.7928 2929
   7   53  0.4729 2955
   7   54  0.8286 5043
   7   55  0.5836 3059
   7   56  0.5320 3549
   7   57  0.5862 3130
   7   58  0.5316 3602
   7   59  0.5233 5383
   7   60  0.5888 4847
   7   61  0.5270 5377
   7   62  0.6011 4981
   7   63  0.5650 3553
   7   64  0.5204 2251
   7   65  0.4895 2249
   7   66  0.6100 3584
   8    9  0.9675 5891
   8   10  0.9952 3530
   8   11  0.4676 4443
   8   12  0.5780 1149
   8   13  0.4373 3732
   8   14  0.4888 2891
   8   15  0.3820 3842
   8   16  0.5344 4985
   8   17  0.6750 3705
   8   18  0.6555 3904
   8   19  0.6611 5063
   8   20  0.9356 3215
   8   21  0.9258 3479
   8   22  0.9688 3184
   8   23  0.8505 3456
   8   24  0.8942 4068
   8   25  0.9456 4814
   8   26  0.9513 4100
   8   27  0.9353 4749
   8   28  0.9087 3630
   8   29  0.9398 2346
   8   30  0.7844 2293
   8   31  0.9157 3615
   8   32  0.4817 3489
   8   33  0.5688 3845
   8   34  0.6722 3561
   8   35  0.5954 3872
   8   36  0.5749 2147
   8   37  0.6315 4543
   8   38  0.5944 2256
   8   39  0.4379 4485
   8   40  0.5979 3555
   8   41  0.4256 4699
   8   42  0.6381 4616
   8   43  0.7815 3127
   8   44  0.9220 3422
   8   45  0.9286 3180
   8   46  0.7411 3365
   8   47  0.7917 5227
   8   48  0.7015 1590
   8   49  0.9132 5279
   8   50  0.8124 1520
   8   51  0.6192 3407
   8   52  0.8971 4761
   8   53  0.6114 4751
   8   54  0.8635 3464
   8   55  0.5513 1238
   8   56  0.6844 5129
   8   57  0.5647 1286
   8   58  0.6364 5132
   8   59  0.5915 3953
   8   60  0.5989 3579
   8   61  0.6092 3960
   8   62  0.6349 3629
   8   63  0.6013 4782
   8   64  0.6983 3689
   8   65  0.6415 3648
   8   66  0.7028 4865
   9   10  0.9736 3512
   9   11  0.4679 4445
   9   12  0.5554 1112
   9   13  0.4342 3712
   9   14  0.5079 2830
   9   15  0.4204 3830
   9   16  0.5486 4964
   9   17  0.6753 3705
   9   18  0.6468 3908
   9   19  0.6852 5034
   9   20  0.9339 3229
   9   21  0.9386 3421
   9   22  0.9672 3197
   9   23  0.9113 3398
   9   24  0.9157 4062
   9   25  0.9626 4772
   9   26  0.9534 4097
   9   27  0.9514 4711
   9   28  0.9460 3574
   9   29  0.9640 2313
   9   30  0.8550 2259
   9   31  0.9483 3568
   9   32  0.5440 3442
   9   33  0.6225 3807
   9   34  0.6938 3517
   9   35  0.6330 3831
   9   36  0.6498 2121
   9   37  0.6109 4516
   9   38  0.6467 2231
   9   39  0.4521 4461
   9   40  0.5859 3563
   9   41  0.4524 4682
   9   42  0.6406 4595
   9   43  0.7526 3084
   9   44  0.9046 3436
   9   45  0.8985 3130
   9   46  0.7181 3387
   9   47  0.7690 5201
   9   48  0.7005 1555
   9   49  0.8555 5251
   9   50  0.7858 1490
   9   51  0.5978 3364
   9   52  0.8597 4781
   9   53  0.6370 4767
   9   54  0.8325 3425
   9   55  0.5419 1210
   9   56  0.6734 5104
   9   57  0.5447 1258
   9   58  0.5887 5110
   9   59  0.5626 3920
   9   60  0.5814 3554
   9   61  0.5872 3926
   9   62  0.6155 3599
   9   63  0.5573 4743
   9   64  0.6863 3658
   9   65  0.6335 3605
   9   66  0.6742 4825
  10   11  0.3688 2348
  10   12  0.5701 3152
  10   13  0.3704 4823
  10   14  0.5273 4802
  10   15  0.3844 4936
  10   16  0.4172 3816
  10   17  0.5651 1766
  10   18  0.5360 1931
  10   19  0.6001 3874
  10   20  0.9373 1932
  10   21  0.9250 3450
  10   22  0.9685 1913
  10   23  0.8287 3417
  10   24  0.8721 3031
  10   25  0.9249 3812
  10   26  0.9537 3050
  10   27  0.9281 3773
  10   28  0.8890 3777
  10   29  0.9428 2297
  10   30  0.7524 2257
  10   31  0.9049 3769
  10   32  0.4135 3270
  10   33  0.5684 3797
  10   34  0.5844 3356
  10   35  0.6215 3786
  10   36  0.5516 1889
  10   37  0.5370 3604
  10   38  0.6458 1941
  10   39  0.3686 3639
  10   40  0.5249 2507
  10   41  0.3842 4101
  10   42  0.6114 3921
  10   43  0.7978 5003
  10   44  0.8986 1749
  10   45  0.9218 5046
  10   46  0.6548 1702
  10   47  0.7488 3847
  10   48  0.7006 3511
  10   49  0.9040 3888
  10   50  0.8169 3424
  10   51  0.6984 5027
  10   52  0.8716 2975
  10   53  0.5246 2997
  10   54  0.8698 5094
  10   55  0.5957 3134
  10   56  0.5950 3600
  10   57  0.5976 3208
  10   58  0.5843 3652
  10   59  0.5913 5471
  10   60  0.5968 4960
  10   61  0.6271 5437
  10   62  0.6327 5094
  10   63  0.5907 3636
  10   64  0.5872 2283
  10   65  0.5157 2285
  10   66  0.6535 3659
  11   12  0.8371  524
  11   13  0.6916 2489
  11   14  0.6600 1653
  11   15  0.9275 2600
  11   16  0.6145 3909
  11   17  0.7460 3809
  11   18  0.5641 3988
  11   19  0.7056 3959
  11   20  0.5520 3398
  11   21  0.5073 2479
  11   22  0.5177 3363
  11   23  0.5623 2482
  11   24  0.5582 3651
  11   25  0.5034 3953
  11   26  0.5168 3689
  11   27  0.5302 3878
  11   28  0.4918 2528
  11   29  0.5561 1723
  11   30  0.5724 1696
  11   31  0.5197 2521
  11   32  0.7257 2689
  11   33  0.7172 2826
  11   34  0.6312 2729
  11   35  0.6702 2871
  11   36  0.6215 1739
  11   37  0.5612 3849
  11   38  0.6223 1840
  11   39  0.8778 3735
  11   40  0.5676 3562
  11   41  0.8377 3685
  11   42  0.6826 3697
  11   43  0.4429 1830
  11   44  0.5705 3712
  11   45  0.4537 1874
  11   46  0.5970 3681
  11   47  0.5931 4085
  11   48  0.4285  786
  11   49  0.5315 4086
  11   50  0.4592  730
  11   51  0.2920 2187
  11   52  0.5203 4680
  11   53  0.5121 4729
  11   54  0.4375 2247
  11   55  0.5195  787
  11   56  0.5633 4375
  11   57  0.5137  823
  11   58  0.5323 4350
  11   59  0.5069 2788
  11   60  0.5175 2515
  11   61  0.4859 2787
  11   62  0.5585 2553
  11   63  0.4611 3882
  11   64  0.4968 3229
  11   65  0.4664 3181
  11   66  0.5749 3912
  12   13  0.5245 2429
  12   14  0.9013 3380
  12   15  0.8296 2495
  12   16  0.5852 1511
  12   17  0.9609  537
  12   18  0.8241  587
  12   19  0.9105 1493
  12   20  0.6232  813
  12   21  0.6602 2249
  12   22  0.6146  816
  12   23  0.7093 2240
  12   24  0.6554 1622
  12   25  0.6354 2004
  12   26  0.6028 1635
  12   27  0.6015 1988
  12   28  0.7116 2495
  12   29  0.7322 1583
  12   30  0.7183 1572
  12   31  0.6639 2487
  12   32  0.6898 2173
  12   33  0.8618 2475
  12   34  0.8414 2213
  12   35  0.9284 2446
  12   36  0.8182 1311
  12   37  0.7877 1984
  12   38  0.9179 1325
  12   39  0.6544 2011
  12   40  0.7724  991
  12   41  0.7762 2171
  12   42  0.9259 2102
  12   43  0.8583 3387
  12   44  0.7431  654
  12   45  0.8099 3347
  12   46  0.7510  646
  12   47  0.8503 1624
  12   48  0.7821 3405
  12   49  0.6948 1656
  12   50  0.8502 3415
  12   51  0.7026 3039
  12   52  0.7452  882
  12   53  0.7168  935
  12   54  0.7940 3060
  12   55  0.8216 3541
  12   56  0.8660 1354
  12   57  0.8108 3562
  12   58  0.8114 1398
  12   59  0.7615 3015
  12   60  0.8255 3053
  12   61  0.7966 2951
  12   62  0.8441 3125
  12   63  0.7694 1706
  12   64  0.9460  966
  12   65  0.8006  974
  12   66  0.8867 1690
  13   14  0.5841 4103
  13   15  0.6097 5427
  13   16  0.5684 4021
  13   17  0.7620 1775
  13   18  0.6302 1960
  13   19  0.7414 4103
  13   20  0.4532 1712
  13   21  0.3564 3353
  13   22  0.4737 1680
  13   23  0.3766 3313
  13   24  0.5300 2843
  13   25  0.4725 3734
  13   26  0.4688 2873
  13   27  0.4589 3712
  13   28  0.3456 3555
  13   29  0.3155 2261
  13   30  0.3193 2228
  13   31  0.3486 3560
  13   32  0.5437 3077
  13   33  0.6318 3535
  13   34  0.4339 3171
  13   35  0.4876 3563
  13   36  0.5426 1893
  13   37  0.5547 3348
  13   38  0.5287 1948
  13   39  0.6392 3400
  13   40  0.5758 2446
  13   41  0.6780 3892
  13   42  0.7010 3759
  13   43  0.5229 4247
  13   44  0.5604 1587
  13   45  0.4493 4295
  13   46  0.5316 1529
  13   47  0.6094 4123
  13   48  0.3918 2830
  13   49  0.5497 4146
  13   50  0.4438 2769
  13   51  0.4721 4742
  13   52  0.5328 3119
  13   53  0.5504 3152
  13   54  0.5011 4814
  13   55  0.4620 2397
  13   56  0.5620 3752
  13   57  0.4638 2461
  13   58  0.5514 3812
  13   59  0.4801 4882
  13   60  0.4938 4217
  13   61  0.4528 4903
  13   62  0.5094 4334
  13   63  0.4502 3615
  13   64  0.6125 2498
  13   65  0.5261 2499
  13   66  0.5326 3670
  14   15  0.7219 4184
  14   16  0.6637 3140
  14   17  0.8684 1324
  14   18  0.7649 1475
  14   19  0.8800 3188
  14   20  0.4979 1341
  14   21  0.6628 3446
  14   22  0.4966 1327
  14   23  0.7082 3408
  14   24  0.5973 2564
  14   25  0.5901 3304
  14   26  0.5404 2577
  14   27  0.5622 3288
  14   28  0.7316 3809
  14   29  0.7428 2376
  14   30  0.7345 2330
  14   31  0.6954 3832
  14   32  0.6092 3249
  14   33  0.7967 3813
  14   34  0.8033 3312
  14   35  0.8644 3780
  14   36  0.6950 1954
  14   37  0.7412 3175
  14   38  0.8362 1988
  14   39  0.6199 3184
  14   40  0.7337 1796
  14   41  0.7099 3515
  14   42  0.8717 3365
  14   43  0.8200 4881
  14   44  0.6329 1202
  14   45  0.7294 4829
  14   46  0.6680 1156
  14   47  0.7619 3226
  14   48  0.7488 3887
  14   49  0.6217 3264
  14   50  0.8238 3830
  14   51  0.6492 4538
  14   52  0.6121 2143
  14   53  0.6998 2162
  14   54  0.7708 4575
  14   55  0.7823 3323
  14   56  0.8146 3025
  14   57  0.7718 3380
  14   58  0.7672 3105
  14   59  0.7222 4730
  14   60  0.8062 4771
  14   61  0.7041 4676
  14   62  0.8152 4885
  14   63  0.7417 3266
  14   64  0.8770 1996
  14   65  0.7566 2005
  14   66  0.8527 3264
  15   16  0.5707 4155
  15   17  0.6731 1878
  15   18  0.5143 2067
  15   19  0.6747 4240
  15   20  0.4390 1787
  15   21  0.4683 3457
  15   22  0.4331 1752
  15   23  0.5599 3415
  15   24  0.5306 2959
  15   25  0.5003 3873
  15   26  0.4742 2989
  15   27  0.4699 3843
  15   28  0.5358 3656
  15   29  0.5043 2312
  15   30  0.5437 2279
  15   31  0.5307 3660
  15   32  0.6060 3176
  15   33  0.6636 3633
  15   34  0.5810 3262
  15   35  0.6044 3661
  15   36  0.5544 1937
  15   37  0.4735 3483
  15   38  0.5718 1994
  15   39  0.7996 3536
  15   40  0.5199 2542
  15   41  0.8242 4029
  15   42  0.6701 3911
  15   43  0.5135 4360
  15   44  0.4903 1663
  15   45  0.5044 4404
  15   46  0.5269 1624
  15   47  0.5071 4244
  15   48  0.5054 2900
  15   49  0.4219 4275
  15   50  0.5551 2834
  15   51  0.4143 4851
  15   52  0.4765 3228
  15   53  0.5261 3263
  15   54  0.4959 4917
  15   55  0.5440 2476
  15   56  0.4683 3890
  15   57  0.5396 2542
  15   58  0.4369 3956
  15   59  0.4808 4997
  15   60  0.4777 4321
  15   61  0.5117 5024
  15   62  0.5088 4445
  15   63  0.4274 3745
  15   64  0.4979 2592
  15   65  0.4660 2596
  15   66  0.4867 3805
  16   17  0.8307 3078
  16   18  0.7698 3302
  16   19  0.7661 5666
  16   20  0.6114 2674
  16   21  0.5890 3677
  16   22  0.6237 2639
  16   23  0.7064 3631
  16   24  0.6510 3846
  16   25  0.6264 4760
  16   26  0.5549 3892
  16   27  0.5975 4726
  16   28  0.6589 3769
  16   29  0.6242 2309
  16   30  0.7265 2266
  16   31  0.6516 3828
  16   32  0.6322 3417
  16   33  0.7112 3855
  16   34  0.7143 3503
  16   35  0.7153 3875
  16   36  0.6448 1999
  16   37  0.6225 4302
  16   38  0.6501 2080
  16   39  0.6438 4232
  16   40  0.6727 3335
  16   41  0.6719 4658
  16   42  0.7416 4505
  16   43  0.4551 3464
  16   44  0.7464 2811
  16   45  0.5261 3532
  16   46  0.7388 2758
  16   47  0.6616 5218
  16   48  0.4294 1966
  16   49  0.6213 5289
  16   50  0.5066 1906
  16   51  0.4273 3816
  16   52  0.6109 4290
  16   53  0.6667 4289
  16   54  0.5187 3854
  16   55  0.4972 1501
  16   56  0.6565 5058
  16   57  0.4878 1548
  16   58  0.6087 5061
  16   59  0.5349 4205
  16   60  0.5741 3834
  16   61  0.5641 4205
  16   62  0.6027 3893
  16   63  0.5924 4541
  16   64  0.6519 3504
  16   65  0.6186 3465
  16   66  0.6509 4603
  17   18  0.9019 4169
  17   19  0.9740 3073
  17   20  0.7567 3289
  17   21  0.7606 1763
  17   22  0.7512 3277
  17   23  0.8412 1763
  17   24  0.7725 3636
  17   25  0.7326 3443
  17   26  0.7206 3657
  17   27  0.7117 3356
  17   28  0.7705 1805
  17   29  0.7966 1092
  17   30  0.7985 1082
  17   31  0.7686 1795
  17   32  0.8501 2101
  17   33  0.9327 2236
  17   34  0.9476 2105
  17   35  0.9010 2253
  17   36  0.8461 1237
  17   37  0.8823 3588
  17   38  0.8984 1318
  17   39  0.8170 3483
  17   40  0.8820 3289
  17   41  0.8362 3230
  17   42  0.9529 3282
  17   43  0.8429 1401
  17   44  0.8717 3529
  17   45  0.7679 1422
  17   46  0.8883 3489
  17   47  0.8979 3378
  17   48  0.7618  807
  17   49  0.8108 3389
  17   50  0.8370  769
  17   51  0.6416 1493
  17   52  0.8245 3836
  17   53  0.8897 3877
  17   54  0.8163 1536
  17   55  0.8952  736
  17   56  0.9051 3673
  17   57  0.8959  765
  17   58  0.8127 3655
  17   59  0.8617 2206
  17   60  0.8468 2153
  17   61  0.8599 2185
  17   62  0.8897 2160
  17   63  0.7702 3160
  17   64  0.8805 2683
  17   65  0.8075 2611
  17   66  0.8947 3203
  18   19  0.8873 3334
  18   20  0.6837 3291
  18   21  0.7081 1921
  18   22  0.7044 3278
  18   23  0.7275 1917
  18   24  0.7027 3820
  18   25  0.6722 3696
  18   26  0.6692 3839
  18   27  0.6446 3607
  18   28  0.7100 1953
  18   29  0.7626 1167
  18   30  0.7344 1153
  18   31  0.6862 1949
  18   32  0.6789 2239
  18   33  0.7890 2388
  18   34  0.8684 2254
  18   35  0.7569 2417
  18   36  0.6981 1291
  18   37  0.9099 3786
  18   38  0.7530 1376
  18   39  0.6278 3650
  18   40  0.8696 3429
  18   41  0.6442 3392
  18   42  0.8859 3429
  18   43  0.8420 1574
  18   44  0.8675 3550
  18   45  0.7560 1601
  18   46  0.9105 3521
  18   47  0.8977 3616
  18   48  0.7186  915
  18   49  0.7991 3623
  18   50  0.8237  863
  18   51  0.6505 1679
  18   52  0.8163 4010
  18   53  0.8804 4059
  18   54  0.7972 1724
  18   55  0.8886  792
  18   56  0.9346 3889
  18   57  0.8853  825
  18   58  0.8526 3864
  18   59  0.8993 2371
  18   60  0.8923 2300
  18   61  0.8536 2352
  18   62  0.9214 2313
  18   63  0.8172 3334
  18   64  0.9347 2877
  18   65  0.8601 2793
  18   66  0.9306 3376
  19   20  0.7099 2642
  19   21  0.7049 3690
  19   22  0.6989 2603
  19   23  0.7975 3661
  19   24  0.7401 3809
  19   25  0.7375 4767
  19   26  0.6847 3859
  19   27  0.7178 4709
  19   28  0.7739 3802
  19   29  0.7567 2333
  19   30  0.7737 2303
  19   31  0.7605 3840
  19   32  0.8045 3491
  19   33  0.9324 3900
  19   34  0.9137 3573
  19   35  0.9256 3943
  19   36  0.9214 2038
  19   37  0.8412 4311
  19   38  0.9390 2132
  19   39  0.7526 4235
  19   40  0.8699 3328
  19   41  0.7837 4661
  19   42  0.9313 4512
  19   43  0.8353 3532
  19   44  0.8486 2801
  19   45  0.7824 3607
  19   46  0.8744 2765
  19   47  0.8718 5302
  19   48  0.7372 1990
  19   49  0.7433 5352
  19   50  0.8434 1921
  19   51  0.7087 3872
  19   52  0.8028 4329
  19   53  0.8787 4347
  19   54  0.8135 3914
  19   55  0.8433 1478
  19   56  0.8776 5135
  19   57  0.8333 1525
  19   58  0.7804 5147
  19   59  0.8328 4271
  19   60  0.8136 3905
  19   61  0.8448 4276
  19   62  0.8574 3976
  19   63  0.7691 4628
  19   64  0.8799 3566
  19   65  0.8128 3538
  19   66  0.8743 4700
  20   21  0.9119 1085
  20   22  0.9680 3827
  20   23  0.9655 1077
  20   24  0.9458 3338
  20   25  0.9604 2948
  20   26  0.9667 3364
  20   27  0.9681 2900
  20   28  0.9215 1211
  20   29  0.9681  683
  20   30  0.9262  655
  20   31  0.9699 1232
  20   32  0.6562 1387
  20   33  0.7036 1657
  20   34  0.7711 1390
  20   35  0.7250 1634
  20   36  0.6989  746
  20   37  0.6742 3279
  20   38  0.7107  814
  20   39  0.5429 3233
  20   40  0.6031 3190
  20   41  0.5281 3077
  20   42  0.6732 3106
  20   43  0.7355 1275
  20   44  0.8958 3613
  20   45  0.8828 1287
  20   46  0.7537 3585
  20   47  0.7807 2886
  20   48  0.6793  852
  20   49  0.8557 2889
  20   50  0.7756  834
  20   51  0.5496 1392
  20   52  0.8611 3482
  20   53  0.6765 3522
  20   54  0.8088 1459
  20   55  0.6056 1146
  20   56  0.7077 2988
  20   57  0.6127 1182
  20   58  0.6022 2959
  20   59  0.5949 2323
  20   60  0.6027 2013
  20   61  0.6008 2297
  20   62  0.6389 2065
  20   63  0.5589 2458
  20   64  0.7105 1856
  20   65  0.6405 1795
  20   66  0.6944 2492
  21   22  0.9656 1057
  21   23  0.8897 5275
  21   24  0.9527 2416
  21   25  0.9496 3534
  21   26  0.9428 2451
  21   27  0.9651 3504
  21   28  0.9109 4749
  21   29  0.9660 3059
  21   30  0.8912 3026
  21   31  0.9551 4725
  21   32  0.5829 4780
  21   33  0.6176 4688
  21   34  0.7092 4891
  21   35  0.6760 4776
  21   36  0.6083 2802
  21   37  0.5941 3017
  21   38  0.6812 2864
  21   39  0.5717 2886
  21   40  0.6011 1414
  21   41  0.5261 3182
  21   42  0.6665 3041
  21   43  0.7495 3747
  21   44  0.8990 1377
  21   45  0.8617 3759
  21   46  0.7218 1339
  21   47  0.7384 3644
  21   48  0.6559 2549
  21   49  0.8546 3725
  21   50  0.7798 2503
  21   51  0.6689 3827
  21   52  0.8423 2740
  21   53  0.6723 2750
  21   54  0.8093 3812
  21   55  0.6004 1966
  21   56  0.6277 3728
  21   57  0.5976 1989
  21   58  0.5575 3799
  21   59  0.5572 3392
  21   60  0.5631 3416
  21   61  0.5694 3370
  21   62  0.6080 3425
  21   63  0.5456 4278
  21   64  0.6674 3607
  21   65  0.6139 3674
  21   66  0.6418 4253
  22   23  0.9613 1053
  22   24  0.9736 3341
  22   25  0.9926 2913
  22   26  0.9839 3350
  22   27  0.9828 2886
  22   28  0.9618 1168
  22   29  0.9894  661
  22   30  0.9232  639
  22   31  0.9817 1193
  22   32  0.6370 1371
  22   33  0.7093 1633
  22   34  0.7637 1371
  22   35  0.7277 1613
  22   36  0.6884  749
  22   37  0.6905 3264
  22   38  0.7042  820
  22   39  0.5343 3222
  22   40  0.5989 3176
  22   41  0.5209 3052
  22   42  0.6793 3074
  22   43  0.7367 1258
  22   44  0.9302 3598
  22   45  0.9074 1268
  22   46  0.7467 3577
  22   47  0.7965 2858
  22   48  0.7010  847
  22   49  0.8909 2860
  22   50  0.7903  831
  22   51  0.6015 1366
  22   52  0.8763 3448
  22   53  0.7057 3486
  22   54  0.8317 1431
  22   55  0.5872 1150
  22   56  0.7223 2953
  22   57  0.5926 1186
  22   58  0.6011 2923
  22   59  0.5942 2297
  22   60  0.6078 1991
  22   61  0.5964 2272
  22   62  0.6434 2043
  22   63  0.5661 2424
  22   64  0.7383 1830
  22   65  0.6441 1770
  22   66  0.7092 2455
  23   24  0.9758 2378
  23   25  0.9614 3507
  23   26  0.9527 2427
  23   27  0.9609 3455
  23   28  0.9460 4719
  23   29  0.9331 3085
  23   30  0.9492 3042
  23   31  0.9583 4674
  23   32  0.6739 4803
  23   33  0.7215 4671
  23   34  0.7557 4914
  23   35  0.7505 4756
  23   36  0.7219 2799
  23   37  0.5897 2996
  23   38  0.7576 2876
  23   39  0.6565 2862
  23   40  0.6314 1398
  23   41  0.6040 3138
  23   42  0.7088 3008
  23   43  0.6972 3725
  23   44  0.9000 1381
  23   45  0.8134 3737
  23   46  0.7418 1345
  23   47  0.7108 3611
  23   48  0.6381 2543
  23   49  0.7879 3689
  23   50  0.7400 2501
  23   51  0.6007 3789
  23   52  0.8018 2727
  23   53  0.7166 2735
  23   54  0.7643 3773
  23   55  0.5871 1958
  23   56  0.6269 3701
  23   57  0.5842 1981
  23   58  0.5142 3774
  23   59  0.5171 3348
  23   60  0.5246 3378
  23   61  0.5626 3327
  23   62  0.5673 3390
  23   63  0.5067 4268
  23   64  0.6616 3604
  23   65  0.6282 3675
  23   66  0.6225 4240
  24   25  0.9634 4572
  24   26  0.9306 5153
  24   27  0.9619 4506
  24   28  0.9454 2381
  24   29  0.9685  907
  24   30  0.9486  861
  24   31  0.9660 2403
  24   32  0.7062 2532
  24   33  0.7773 2927
  24   34  0.7818 2564
  24   35  0.7839 2954
  24   36  0.7230  898
  24   37  0.6079 4738
  24   38  0.7485  977
  24   39  0.5976 4652
  24   40  0.5855 3453
  24   41  0.5994 4418
  24   42  0.6994 4473
  24   43  0.6867 2701
  24   44  0.8957 3377
  24   45  0.8414 2723
  24   46  0.7163 3325
  24   47  0.7377 4171
  24   48  0.6310 1949
  24   49  0.8344 4230
  24   50  0.7189 1911
  24   51  0.5665 2820
  24   52  0.8171 3990
  24   53  0.7181 4039
  24   54  0.7874 2882
  24   55  0.5105 1812
  24   56  0.6572 4149
  24   57  0.5124 1848
  24   58  0.5322 4144
  24   59  0.5087 3347
  24   60  0.5050 3052
  24   61  0.5530 3321
  24   62  0.5564 3115
  24   63  0.5445 3330
  24   64  0.6639 3016
  24   65  0.5915 2920
  24   66  0.6499 3400
  25   26  0.9670 4609
  25   27  0.9709 5797
  25   28  0.9649 3363
  25   29  0.9796 1661
  25   30  0.9195 1606
  25   31  0.9779 3416
  25   32  0.6549 3400
  25   33  0.7154 3754
  25   34  0.7473 3478
  25   35  0.7198 3771
  25   36  0.7035 1416
  25   37  0.5942 5201
  25   38  0.7300 1505
  25   39  0.5407 5102
  25   40  0.6059 3528
  25   41  0.5556 5096
  25   42  0.6825 5124
  25   43  0.7292 3576
  25   44  0.9295 3071
  25   45  0.8833 3611
  25   46  0.7344 3011
  25   47  0.7738 5027
  25   48  0.6513 2440
  25   49  0.8614 5087
  25   50  0.7601 2380
  25   51  0.5867 3818
  25   52  0.8653 4407
  25   53  0.6799 4424
  25   54  0.8130 3869
  25   55  0.5017 2101
  25   56  0.6757 4862
  25   57  0.5071 2144
  25   58  0.5657 4847
  25   59  0.5434 4063
  25   60  0.5363 3744
  25   61  0.5859 4061
  25   62  0.5838 3810
  25   63  0.5663 4145
  25   64  0.6865 3862
  25   65  0.6104 3776
  25   66  0.6811 4211
  26   27  0.9763 4544
  26   28  0.9422 2419
  26   29  0.9779  954
  26   30  0.9133  906
  26   31  0.9701 2450
  26   32  0.6278 2579
  26   33  0.6784 2969
  26   34  0.7320 2615
  26   35  0.6948 2983
  26   36  0.6585  940
  26   37  0.6226 4751
  26   38  0.6809 1015
  26   39  0.5122 4665
  26   40  0.5810 3469
  26   41  0.4932 4434
  26   42  0.6369 4485
  26   43  0.7249 2721
  26   44  0.9088 3395
  26   45  0.8851 2739
  26   46  0.7379 3341
  26   47  0.7529 4218
  26   48  0.6597 1955
  26   49  0.8707 4276
  26   50  0.7671 1918
  26   51  0.5817 2852
  26   52  0.8643 4027
  26   53  0.6603 4076
  26   54  0.8169 2908
  26   55  0.5242 1821
  26   56  0.6584 4181
  26   57  0.5315 1857
  26   58  0.5397 4177
  26   59  0.5276 3368
  26   60  0.5166 3061
  26   61  0.5737 3341
  26   62  0.5665 3123
  26   63  0.5560 3363
  26   64  0.6787 3063
  26   65  0.6102 2967
  26   66  0.6627 3434
  27   28  0.9617 3344
  27   29  0.9827 1642
  27   30  0.9243 1583
  27   31  0.9842 3376
  27   32  0.6098 3310
  27   33  0.6919 3677
  27   34  0.6991 3394
  27   35  0.6983 3672
  27   36  0.6831 1385
  27   37  0.5840 5097
  27   38  0.7101 1465
  27   39  0.5180 4999
  27   40  0.5892 3471
  27   41  0.5318 5048
  27   42  0.6769 5088
  27   43  0.7208 3543
  27   44  0.9021 2984
  27   45  0.8668 3572
  27   46  0.7144 2925
  27   47  0.7483 4956
  27   48  0.6154 2399
  27   49  0.8610 5018
  27   50  0.7453 2353
  27   51  0.5810 3791
  27   52  0.8482 4316
  27   53  0.6371 4330
  27   54  0.7988 3839
  27   55  0.4945 2080
  27   56  0.6386 4791
  27   57  0.5002 2118
  27   58  0.5321 4769
  27   59  0.5325 4037
  27   60  0.5231 3717
  27   61  0.5789 4027
  27   62  0.5714 3782
  27   63  0.5352 4069
  27   64  0.6485 3741
  27   65  0.5734 3668
  27   66  0.6439 4138
  28   29  0.9598 3367
  28   30  0.9011 3298
  28   31  0.9320 5589
  28   32  0.5758 4722
  28   33  0.6669 5182
  28   34  0.7144 4804
  28   35  0.6816 5153
  28   36  0.6593 2987
  28   37  0.6095 3016
  28   38  0.7133 3055
  28   39  0.5507 2934
  28   40  0.6415 1597
  28   41  0.5768 3299
  28   42  0.7083 3109
  28   43  0.7473 4138
  28   44  0.9213 1431
  28   45  0.8621 4152
  28   46  0.7438 1382
  28   47  0.7638 3692
  28   48  0.7044 2821
  28   49  0.8293 3773
  28   50  0.7775 2775
  28   51  0.6299 4004
  28   52  0.8491 2791
  28   53  0.6881 2778
  28   54  0.8107 3992
  28   55  0.5974 2173
  28   56  0.6655 3870
  28   57  0.5973 2197
  28   58  0.5732 3948
  28   59  0.5690 3718
  28   60  0.5642 3925
  28   61  0.6321 3684
  28   62  0.6068 3935
  28   63  0.5329 4658
  28   64  0.6837 3507
  28   65  0.6379 3588
  28   66  0.6659 4560
  29   30  0.9093 3787
  29   31  0.9837 3327
  29   32  0.6261 3134
  29   33  0.6474 3279
  29   34  0.7609 3199
  29   35  0.7177 3259
  29   36  0.6321 3177
  29   37  0.6965 1214
  29   38  0.6850 3265
  29   39  0.6544 1166
  29   40  0.6369  790
  29   41  0.5473 1430
  29   42  0.7031 1317
  29   43  0.7878 2562
  29   44  0.9465  914
  29   45  0.8828 2568
  29   46  0.7935  905
  29   47  0.7821 2265
  29   48  0.7468 1656
  29   49  0.8567 2284
  29   50  0.8104 1643
  29   51  0.6878 2448
  29   52  0.8730 1845
  29   53  0.7392 1828
  29   54  0.8446 2432
  29   55  0.6399 1316
  29   56  0.6959 2496
  29   57  0.6277 1337
  29   58  0.6176 2548
  29   59  0.5983 2252
  29   60  0.6182 2380
  29   61  0.6300 2230
  29   62  0.6532 2413
  29   63  0.5834 3243
  29   64  0.7267 1922
  29   65  0.7199 1995
  29   66  0.6841 3154
  30   31  0.9274 3292
  30   32  0.6531 3084
  30   33  0.6554 3191
  30   34  0.7487 3147
  30   35  0.7403 3189
  30   36  0.6631 3222
  30   37  0.6546 1165
  30   38  0.7179 3335
  30   39  0.6585 1100
  30   40  0.6883  764
  30   41  0.5173 1361
  30   42  0.6947 1239
  30   43  0.6634 2526
  30   44  0.8685  903
  30   45  0.7462 2530
  30   46  0.7060  893
  30   47  0.6639 2229
  30   48  0.6543 1638
  30   49  0.7444 2246
  30   50  0.7061 1625
  30   51  0.6009 2414
  30   52  0.7734 1810
  30   53  0.7046 1801
  30   54  0.7127 2400
  30   55  0.5531 1304
  30   56  0.5997 2442
  30   57  0.5451 1326
  30   58  0.5264 2493
  30   59  0.5020 2204
  30   60  0.5473 2331
  30   61  0.5466 2183
  30   62  0.5696 2364
  30   63  0.4859 3178
  30   64  0.6503 1872
  30   65  0.6626 1946
  30   66  0.5901 3095
  31   32  0.6029 4635
  31   33  0.6479 5163
  31   34  0.7129 4716
  31   35  0.6953 5145
  31   36  0.5964 2939
  31   37  0.5808 3019
  31   38  0.6647 3009
  31   39  0.5864 2937
  31   40  0.6258 1643
  31   41  0.5760 3325
  31   42  0.7013 3117
  31   43  0.7411 4137
  31   44  0.9024 1425
  31   45  0.8475 4148
  31   46  0.7222 1379
  31   47  0.7521 3713
  31   48  0.6742 2803
  31   49  0.8409 3793
  31   50  0.7642 2757
  31   51  0.6401 3999
  31   52  0.8369 2786
  31   53  0.6669 2774
  31   54  0.8015 3988
  31   55  0.5571 2159
  31   56  0.6420 3862
  31   57  0.5527 2181
  31   58  0.5823 3936
  31   59  0.5574 3725
  31   60  0.5433 3930
  31   61  0.6082 3683
  31   62  0.5838 3934
  31   63  0.5524 4650
  31   64  0.6518 3471
  31   65  0.5996 3540
  31   66  0.6472 4554
  32   33  0.9270 4846
  32   34  0.7735 5388
  32   35  0.8615 4919
  32   36  0.9179 2824
  32   37  0.5582 3096
  32   38  0.8400 2950
  32   39  0.9148 2977
  32   40  0.5865 1526
  32   41  0.8260 3153
  32   42  0.6368 3066
  32   43  0.6205 3563
  32   44  0.6633 1762
  32   45  0.5697 3584
  32   46  0.6269 1729
  32   47  0.6539 3463
  32   48  0.4594 2485
  32   49  0.5270 3558
  32   50  0.5404 2425
  32   51  0.4913 3512
  32   52  0.5830 2844
  32   53  0.7205 2863
  32   54  0.6361 3495
  32   55  0.5227 1910
  32   56  0.6068 3755
  32   57  0.5275 1939
  32   58  0.4725 3813
  32   59  0.5892 3219
  32   60  0.5098 3371
  32   61  0.6240 3193
  32   62  0.5622 3380
  32   63  0.4482 4367
  32   64  0.5951 3731
  32   65  0.5800 3827
  32   66  0.5577 4358
  33   34  0.8221 4906
  33   35  0.9244 5796
  33   36  0.9277 2824
  33   37  0.7227 3592
  33   38  0.8851 2907
  33   39  0.8683 3508
  33   40  0.7390 1900
  33   41  0.8939 3582
  33   42  0.8497 3546
  33   43  0.7859 4129
  33   44  0.7618 1897
  33   45  0.7319 4151
  33   46  0.7445 1849
  33   47  0.7817 3835
  33   48  0.6590 2812
  33   49  0.6329 3918
  33   50  0.7412 2764
  33   51  0.6492 3984
  33   52  0.6934 3031
  33   53  0.8387 3020
  33   54  0.7727 3970
  33   55  0.7355 2164
  33   56  0.7492 4120
  33   57  0.7362 2188
  33   58  0.5879 4204
  33   59  0.7648 3813
  33   60  0.7121 4044
  33   61  0.7871 3767
  33   62  0.7646 4029
  33   63  0.5783 4939
  33   64  0.7328 3746
  33   65  0.6697 3781
  33   66  0.7162 4842
  34   35  0.8256 4967
  34   36  0.7759 2913
  34   37  0.7671 3143
  34   38  0.8356 3024
  34   39  0.7744 3009
  34   40  0.8225 1535
  34   41  0.6914 3194
  34   42  0.8166 3101
  34   43  0.8246 3626
  34   44  0.8357 1768
  34   45  0.7515 3665
  34   46  0.8447 1731
  34   47  0.8548 3544
  34   48  0.7043 2535
  34   49  0.7199 3640
  34   50  0.8220 2467
  34   51  0.6371 3599
  34   52  0.7880 2901
  34   53  0.8368 2911
  34   54  0.7857 3583
  34   55  0.8178 1943
  34   56  0.8384 3819
  34   57  0.8106 1973
  34   58  0.7285 3882
  34   59  0.8336 3268
  34   60  0.7725 3423
  34   61  0.8262 3253
  34   62  0.8316 3425
  34   63  0.7337 4434
  34   64  0.8192 3820
  34   65  0.7815 3915
  34   66  0.8606 4417
  35   36  0.8568 2792
  35   37  0.6935 3623
  35   38  0.8562 2915
  35   39  0.8340 3536
  35   40  0.7420 1880
  35   41  0.8512 3638
  35   42  0.8398 3557
  35   43  0.8367 4109
  35   44  0.7542 1889
  35   45  0.7720 4128
  35   46  0.7153 1861
  35   47  0.8031 3885
  35   48  0.7156 2782
  35   49  0.6910 3964
  35   50  0.8133 2731
  35   51  0.6760 4013
  35   52  0.6851 3071
  35   53  0.8080 3082
  35   54  0.8215 4002
  35   55  0.8108 2134
  35   56  0.7438 4180
  35   57  0.8042 2157
  35   58  0.6260 4258
  35   59  0.7987 3802
  35   60  0.7744 3998
  35   61  0.7939 3763
  35   62  0.8233 3979
  35   63  0.6296 4950
  35   64  0.6978 3849
  35   65  0.6412 3883
  35   66  0.7447 4864
  36   37  0.6238 1057
  36   38  0.8286 3648
  36   39  0.8979  954
  36   40  0.7365  636
  36   41  0.7814 1078
  36   42  0.6633  984
  36   43  0.7140 2103
  36   44  0.6725 1099
  36   45  0.6527 2110
  36   46  0.6446 1092
  36   47  0.7493 2017
  36   48  0.5852 1343
  36   49  0.6187 2041
  36   50  0.6360 1330
  36   51  0.6952 2017
  36   52  0.6343 1789
  36   53  0.7791 1791
  36   54  0.7425 2001
  36   55  0.5850 1081
  36   56  0.6744 2297
  36   57  0.5857 1099
  36   58  0.5055 2336
  36   59  0.7117 1825
  36   60  0.6741 1911
  36   61  0.7027 1808
  36   62  0.6994 1941
  36   63  0.4974 2878
  36   64  0.6448 1822
  36   65  0.6259 1869
  36   66  0.6873 2797
  37   38  0.6909 1147
  37   39  0.5282 5624
  37   40  0.9026 3372
  37   41  0.5517 5005
  37   42  0.8587 5137
  37   43  0.8789 3365
  37   44  0.8530 3366
  37   45  0.7387 3393
  37   46  0.9325 3309
  37   47  0.9217 4591
  37   48  0.7195 2383
  37   49  0.7550 4651
  37   50  0.8529 2337
  37   51  0.6911 3428
  37   52  0.8234 4206
  37   53  0.8458 4240
  37   54  0.8029 3478
  37   55  0.9373 2111
  37   56  0.9518 4619
  37   57  0.9379 2151
  37   58  0.8536 4603
  37   59  0.9360 3909
  37   60  0.9164 3685
  37   61  0.8856 3893
  37   62  0.9501 3744
  37   63  0.7956 3884
  37   64  0.9530 3608
  37   65  0.8486 3492
  37   66  0.9499 3945
  38   39  0.8336 1038
  38   40  0.7600  692
  38   41  0.7329 1167
  38   42  0.8019 1079
  38   43  0.8559 2162
  38   44  0.7293 1165
  38   45  0.8015 2169
  38   46  0.7016 1163
  38   47  0.8059 2116
  38   48  0.7867 1363
  38   49  0.6771 2141
  38   50  0.8428 1350
  38   51  0.7398 2074
  38   52  0.7269 1886
  38   53  0.8093 1891
  38   54  0.8253 2061
  38   55  0.8453 1094
  38   56  0.7329 2415
  38   57  0.8412 1114
  38   58  0.5866 2455
  38   59  0.8798 1876
  38   60  0.8444 1963
  38   61  0.8672 1857
  38   62  0.8810 1995
  38   63  0.5698 3003
  38   64  0.7191 1936
  38   65  0.7069 1986
  38   66  0.7403 2922
  39   40  0.5546 3347
  39   41  0.9285 5036
  39   42  0.7190 5204
  39   43  0.4786 3369
  39   44  0.5936 3275
  39   45  0.4782 3416
  39   46  0.6117 3218
  39   47  0.5645 4510
  39   48  0.4338 2396
  39   49  0.4816 4584
  39   50  0.4643 2334
  39   51  0.3687 3446
  39   52  0.5219 4129
  39   53  0.6153 4157
  39   54  0.4656 3496
  39   55  0.4624 2155
  39   56  0.5695 4557
  39   57  0.4520 2201
  39   58  0.4807 4541
  39   59  0.4874 3943
  39   60  0.4708 3705
  39   61  0.5186 3935
  39   62  0.5206 3763
  39   63  0.4778 3806
  39   64  0.5528 3461
  39   65  0.4851 3345
  39   66  0.5686 3860
  40   41  0.5953 3432
  40   42  0.8551 3404
  40   43  0.8250 1836
  40   44  0.8025 3159
  40   45  0.7053 1854
  40   46  0.8880 3114
  40   47  0.8896 3599
  40   48  0.7058 1114
  40   49  0.7355 3565
  40   50  0.8039 1082
  40   51  0.5934 2115
  40   52  0.7910 3916
  40   53  0.8559 3936
  40   54  0.7569 2184
  40   55  0.9068 1332
  40   56  0.9140 3298
  40   57  0.9029 1369
  40   58  0.8412 3272
  40   59  0.9053 2951
  40   60  0.8675 2570
  40   61  0.8689 2929
  40   62  0.9027 2627
  40   63  0.8103 2676
  40   64  0.9095 2029
  40   65  0.8145 1954
  40   66  0.9124 2728
  41   42  0.7629 5549
  41   43  0.5630 3742
  41   44  0.6076 3019
  41   45  0.5377 3783
  41   46  0.6140 2963
  41   47  0.5807 4814
  41   48  0.5073 2594
  41   49  0.4860 4917
  41   50  0.5526 2525
  41   51  0.4192 3935
  41   52  0.5090 4191
  41   53  0.6228 4208
  41   54  0.5290 3985
  41   55  0.5470 2304
  41   56  0.5916 4705
  41   57  0.5368 2355
  41   58  0.5412 4699
  41   59  0.5294 4400
  41   60  0.5239 4020
  41   61  0.5470 4396
  41   62  0.5702 4093
  41   63  0.5425 3980
  41   64  0.5833 3339
  41   65  0.5060 3298
  41   66  0.5950 4074
  42   43  0.8781 3605
  42   44  0.8260 3045
  42   45  0.7912 3638
  42   46  0.8573 3013
  42   47  0.8686 4697
  42   48  0.7540 2503
  42   49  0.7679 4779
  42   50  0.8686 2433
  42   51  0.6980 3776
  42   52  0.7875 4149
  42   53  0.8333 4190
  42   54  0.8438 3829
  42   55  0.9076 2245
  42   56  0.8778 4631
  42   57  0.9016 2290
  42   58  0.8061 4618
  42   59  0.8600 4251
  42   60  0.8435 3910
  42   61  0.8438 4250
  42   62  0.8882 3981
  42   63  0.7657 3918
  42   64  0.8913 3405
  42   65  0.8014 3337
  42   66  0.8701 3999
  43   44  0.9346 1163
  43   45  0.9068 5578
  43   46  0.9352 1100
  43   47  0.9758 3464
  43   48  0.8588 3722
  43   49  0.8807 3530
  43   50  0.9836 3651
  43   51  0.8543 4820
  43   52  0.9446 2323
  43   53  0.8112 2336
  43   54  0.9693 4857
  43   55  0.9315 3187
  43   56  0.9133 3369
  43   57  0.9302 3227
  43   58  0.8619 3447
  43   59  0.8910 4876
  43   60  0.9047 4792
  43   61  0.8608 4819
  43   62  0.9325 4893
  43   63  0.8450 3666
  43   64  0.9330 2267
  43   65  0.8006 2282
  43   66  0.9381 3682
  44   45  0.9677 1180
  44   46  0.9029 4012
  44   47  0.9478 3013
  44   48  0.8332  703
  44   49  0.9612 3008
  44   50  0.9610  689
  44   51  0.7424 1271
  44   52  0.9747 3701
  44   53  0.8472 3730
  44   54  0.9523 1323
  44   55  0.8234  958
  44   56  0.8927 3275
  44   57  0.8280  991
  44   58  0.8048 3245
  44   59  0.8117 2149
  44   60  0.8291 1931
  44   61  0.7869 2133
  44   62  0.8595 1969
  44   63  0.7631 2769
  44   64  0.8934 2244
  44   65  0.8213 2185
  44   66  0.8919 2800
  45   46  0.8292 1115
  45   47  0.9020 3509
  45   48  0.8760 3705
  45   49  0.9410 3558
  45   50  0.9540 3641
  45   51  0.7774 4837
  45   52  0.9609 2359
  45   53  0.6842 2365
  45   54  0.9443 4860
  45   55  0.8226 3159
  45   56  0.7915 3419
  45   57  0.8248 3218
  45   58  0.7595 3499
  45   59  0.7962 4907
  45   60  0.7821 4855
  45   61  0.8252 4873
  45   62  0.8259 4950
  45   63  0.7390 3738
  45   64  0.8087 2307
  45   65  0.7200 2319
  45   66  0.8302 3750
  46   47  0.9797 2967
  46   48  0.7735  677
  46   49  0.8632 2970
  46   50  0.9257  660
  46   51  0.6809 1212
  46   52  0.9209 3659
  46   53  0.8850 3708
  46   54  0.8593 1268
  46   55  0.9542  959
  46   56  0.9638 3237
  46   57  0.9488  992
  46   58  0.8845 3209
  46   59  0.9572 2111
  46   60  0.9316 1892
  46   61  0.9145 2098
  46   62  0.9672 1923
  46   63  0.8301 2739
  46   64  0.9671 2219
  46   65  0.8928 2160
  46   66  0.9685 2775
  47   48  0.8419 1981
  47   49  0.8791 5940
  47   50  0.9739 1937
  47   51  0.7493 3979
  47   52  0.9450 4637
  47   53  0.8797 4656
  47   54  0.9506 4034
  47   55  0.9479 1638
  47   56  0.9585 5149
  47   57  0.9464 1678
  47   58  0.8859 5139
  47   59  0.9399 4263
  47   60  0.9140 3708
  47   61  0.9065 4265
  47   62  0.9562 3793
  47   63  0.8412 4536
  47   64  0.9626 3689
  47   65  0.8641 3652
  47   66  0.9639 4619
  48   49  0.7652 2049
  48   50  0.9204 4077
  48   51  0.7308 3226
  48   52  0.8345 1120
  48   53  0.7024 1154
  48   54  0.8280 3267
  48   55  0.8271 3288
  48   56  0.7789 1846
  48   57  0.8298 3357
  48   58  0.7427 1906
  48   59  0.7799 3359
  48   60  0.8343 3621
  48   61  0.7952 3315
  48   62  0.8230 3694
  48   63  0.7126 2127
  48   64  0.8031 1309
  48   65  0.7305 1312
  48   66  0.8141 2129
  49   50  0.8989 1997
  49   51  0.7372 4046
  49   52  0.9589 4642
  49   53  0.7375 4641
  49   54  0.9414 4093
  49   55  0.7272 1668
  49   56  0.7860 5217
  49   57  0.7375 1711
  49   58  0.7715 5214
  49   59  0.7456 4288
  49   60  0.7413 3745
  49   61  0.7290 4296
  49   62  0.7794 3824
  49   63  0.7234 4614
  49   64  0.8052 3752
  49   65  0.7303 3709
  49   66  0.8083 4703
  50   51  0.8460 3188
  50   52  0.9600 1080
  50   53  0.8282 1112
  50   54  0.9747 3184
  50   55  0.9135 3306
  50   56  0.8846 1776
  50   57  0.9140 3364
  50   58  0.8238 1833
  50   59  0.8848 3301
  50   60  0.9054 3514
  50   61  0.8973 3235
  50   62  0.9221 3595
  50   63  0.8061 2062
  50   64  0.9232 1257
  50   65  0.7873 1262
  50   66  0.9189 2073
  51   52  0.6887 2732
  51   53  0.6052 2742
  51   54  0.8641 5585
  51   55  0.7916 2883
  51   56  0.7149 3661
  51   57  0.7937 2931
  51   58  0.7090 3742
  51   59  0.7057 4973
  51   60  0.7599 4366
  51   61  0.6576 4976
  51   62  0.7774 4471
  51   63  0.7091 3823
  51   64  0.6958 2567
  51   65  0.6213 2571
  51   66  0.7673 3855
  52   53  0.7332 5407
  52   54  0.9655 2781
  52   55  0.8490 1164
  52   56  0.8698 4575
  52   57  0.8584 1200
  52   58  0.7924 4555
  52   59  0.8247 3363
  52   60  0.8099 2909
  52   61  0.8144 3367
  52   62  0.8511 2968
  52   63  0.7610 3989
  52   64  0.8887 3347
  52   65  0.8315 3291
  52   66  0.8817 4040
  53   54  0.7817 2815
  53   55  0.8880 1227
  53   56  0.8924 4593
  53   57  0.8809 1262
  53   58  0.7693 4576
  53   59  0.8759 3402
  53   60  0.8444 2929
  53   61  0.8370 3404
  53   62  0.8771 2988
  53   63  0.7259 3990
  53   64  0.8770 3400
  53   65  0.7737 3345
  53   66  0.8685 4051
  54   55  0.8725 2903
  54   56  0.8549 3702
  54   57  0.8749 2946
  54   58  0.8263 3779
  54   59  0.8273 5044
  54   60  0.8477 4405
  54   61  0.8069 5046
  54   62  0.8807 4516
  54   63  0.8062 3830
  54   64  0.8695 2575
  54   65  0.7576 2578
  54   66  0.8879 3861
  55   56  0.9818 1349
  55   57  0.9964 3914
  55   58  0.9187 1376
  55   59  0.9765 3020
  55   60  0.9729 2999
  55   61  0.9735 2962
  55   62  0.9935 3094
  55   63  0.8814 1451
  55   64  0.9949  840
  55   65  0.8670  836
  55   66  0.9899 1442
  56   57  0.9773 1389
  56   58  0.8862 6070
  56   59  0.9716 3925
  56   60  0.9522 3743
  56   61  0.9309 3904
  56   62  0.9835 3790
  56   63  0.8532 4934
  56   64  0.9900 3732
  56   65  0.8904 3751
  56   66  0.9829 4999
  57   58  0.9156 1419
  57   59  0.9737 3087
  57   60  0.9735 3071
  57   61  0.9725 3036
  57   62  0.9916 3167
  57   63  0.8799 1490
  57   64  0.9927  851
  57   65  0.8621  849
  57   66  0.9862 1489
  58   59  0.9067 3946
  58   60  0.8936 3815
  58   61  0.8443 3976
  58   62  0.9155 3852
  58   63  0.8593 5014
  58   64  0.9063 3793
  58   65  0.8640 3737
  58   66  0.9267 5116
  59   60  0.9310 5145
  59   61  0.9596 6061
  59   62  0.9734 5269
  59   63  0.8790 3912
  59   64  0.9785 2372
  59   65  0.8550 2378
  59   66  0.9766 3968
  60   61  0.8701 5090
  60   62  0.9741 5936
  60   63  0.8624 3871
  60   64  0.9559 2341
  60   65  0.8388 2316
  60   66  0.9571 3899
  61   62  0.9281 5203
  61   63  0.8296 3899
  61   64  0.9210 2391
  61   65  0.8250 2398
  61   66  0.9275 3958
  62   63  0.8853 3896
  62   64  0.9921 2326
  62   65  0.8701 2298
  62   66  0.9894 3864
  63   64  0.8608 3732
  63   65  0.7582 3685
  63   66  0.9025 6002
  64   65  0.8995 4449
  64   66  0.9935 3667
  65   66  0.8987 3714
