ClNumber             Nds         Clheight   IDs
0001    2   0.079 7 11
0002    2   0.085 56 58
0003    3   0.105 7 9 11
0004    2   0.113 65 67
0005    2   0.121 23 26
0006    2   0.122 2 4
0007    3   0.132 56 58 63
0008    5   0.161 56 58 63 65 67
0009    5   0.164 2 4 7 9 11
0010    2   0.177 28 32
0011    2   0.180 44 51
0012    3   0.184 28 30 32
0013    2   0.200 47 48
0014    6   0.213 56 57 58 63 65 67
0015    2   0.217 6 10
0016    2   0.219 24 25
0017    6   0.219 1 2 4 7 9 11
0018    2   0.223 45 53
0019    2   0.227 18 20
0020    5   0.241 23 26 28 30 32
0021    6   0.243 23 26 27 28 30 32
0022    3   0.251 44 51 55
0023    7   0.263 56 57 58 60 63 65 67
0024    3   0.277 45 46 53
0025    7   0.289 21 23 26 27 28 30 32
0026    7   0.293 1 2 4 5 7 9 11
0027    9   0.307 1 2 4 5 6 7 9 10 11
0028    4   0.322 45 46 50 53
0029    2   0.330 3 22
0030    8   0.341 56 57 58 60 61 63 65 67
0031    3   0.342 24 25 31
0032    3   0.364 18 20 43
0033    2   0.371 40 42
0034    8   0.371 21 23 26 27 28 29 30 32
0035    2   0.372 13 36
0036    2   0.373 34 37
0037    2   0.374 12 16
0038    3   0.390 33 34 37
0039    9   0.411 38 56 57 58 60 61 63 65 67
0040   10   0.436 3 21 22 23 26 27 28 29 30 32
0041   10   0.442 38 56 57 58 60 61 62 63 65 67
0042   12   0.453 38 47 48 56 57 58 60 61 62 63 65 67
0043    2   0.474 19 54
0044    3   0.487 13 36 39
0045    2   0.504 59 66
0046    4   0.504 18 20 35 43
0047    7   0.513 44 45 46 50 51 53 55
0048    3   0.516 19 41 54
0049    4   0.526 13 15 36 39
0050   10   0.550 1 2 4 5 6 7 8 9 10 11
0051   13   0.554 3 21 22 23 24 25 26 27 28 29 30 31 32
0052    8   0.609 13 15 18 20 35 36 39 43
0053    3   0.611 59 64 66
0054    5   0.636 33 34 37 40 42
0055   15   0.642 19 38 41 47 48 54 56 57 58 60 61 62 63 65 67
0056    8   0.650 44 45 46 49 50 51 53 55
0057   18   0.683 19 38 41 47 48 54 56 57 58 59 60 61 62 63 64 65 66 67
0058    9   0.759 44 45 46 49 50 51 52 53 55
0059    2   0.823 14 17
0060    4   0.903 12 14 16 17
0061   23   1.002 1 2 3 4 5 6 7 8 9 10 11 21 22 23 24 25 26 27 28 29 30 31 32
0062    9   1.041 12 14 16 17 33 34 37 40 42
0063   17   1.160 12 13 14 15 16 17 18 20 33 34 35 36 37 39 40 42 43
0064   27   1.403 19 38 41 44 45 46 47 48 49 50 51 52 53 54 55 56 57 58 59 60 61 62 63 64 65 66 67
0065   44   2.119 12 13 14 15 16 17 18 19 20 33 34 35 36 37 38 39 40 41 42 43 44 45 46 47 48 49 50 51 52 53 54 55 56 57 58 59 60 61 62 63 64 65 66 67
0066   67   3.089 1 2 3 4 5 6 7 8 9 10 11 12 13 14 15 16 17 18 19 20 21 22 23 24 25 26 27 28 29 30 31 32 33 34 35 36 37 38 39 40 41 42 43 44 45 46 47 48 49 50 51 52 53 54 55 56 57 58 59 60 61 62 63 64 65 66 67
