cc_threshold: 0.9165
50-51
ndata      mean       std        median     alpha      loc        scale     
        40 0.9737 0.0189 0.9758 7.1975 0.9616 0.0473
        67 0.9576 0.0188 0.9614 -8.3271 0.9875 0.0711
       209 0.9486 0.0203 0.9460 2.1046 0.9010 0.0513

42-50
cc_threshold: 0.9165
ndata      mean       std        median     alpha      loc        scale     
        60 0.9633 0.0212 0.9655 -3.5388 1.0088 0.0659
        40 0.9737 0.0189 0.9758 7.1975 0.9616 0.0473
       216 0.9473 0.0187 0.9459 -2.0309 0.9657 0.0547

52-50
cc_threshold: 0.9165
ndata      mean       std        median     alpha      loc        scale     
        10 0.9403 0.0180 0.9351 0.0000 0.0000 0.0000
        40 0.9737 0.0189 0.9758 7.1975 0.9616 0.0473
       266 0.9512 0.0203 0.9505 -4.7662 0.9794 0.0693
